PID
1
2
3
4
5
6
7
8
9
10
11
12
13
14
15
16
17
18
19
20
21
22
23
24
25
26
29
41
42
53
54
55
57
58
59
60
67
83
84
174
376
377
396
412
446
447
448
449
475
504
568
571
574
577
937
959
965
1001
1283
1301
1320
1329
1330
1332
1333
1334
1341
1434
1436
1445
1770
1848
1851
1862
1866
1885
1889
2002
2017
2020
2021
2026
2028
2029
2031
2034
2035
2037
2038
2040
2091
2100
2118
2124
2126
2127
2137
2144
2148
2303
2322
2323
2324
2325
2329
2333
2334
2342
2343
2368
2371
2372
2373
2376
2377
2378
2379
2396
2417
2430
2432
2455
2456
2498
2522
2530
2534
2535
2536
2537
2538
2539
2540
2541
2605
2617
2618
2622
2717
2748
2753
2778
2965
3047
3141
3194
3202
3216
3218
3220
3221
3222
3223
3224
3225
3226
3227
3228
3241
3255
3256
3257
3258
3259
3260
3261
3265
3271
3776
3837
3838
3853
3882
3948
3949
3951
3953
3960
3961
3963
3965
3968
3969
4199
4209
4210
4214
4219
4222
4225
4229
4231
4234
4238
4239
4244
4246
4249
4250
4254
4255
4257
4264
4271
4372
4406
4527
4669
4674
4677
4893
4899
6063
10190
10541
10554
10555
