-9223372036854775808,1,3,17.2,184.0,15.0,1
-9223372036854775808,1,2,19.7,152.0,11.0,1
1731405255452,1,8,13.9,79.0,56.0,1
1731405255452,1,3,17.2,184.0,15.0,1
1731405255452,1,21,17.0,136.0,12.0,1
1731405255452,1,2,19.8,152.0,11.0,1
1731405256452,1,8,13.9,79.0,56.0,1
1731405256452,1,3,20.3,184.0,15.0,1
1731405256452,1,21,17.0,136.0,12.0,1
1731405256452,1,2,24.8,152.0,11.0,1
1731405258000,1,8,13.9,79.0,56.0,1
1731405258000,1,3,20.3,184.0,15.0,1
1731405258000,1,21,17.0,136.0,12.0,1
1731405258000,1,2,24.7,152.0,11.0,1
1731405259000,1,8,13.9,79.0,56.0,1
1731405259000,1,3,20.2,184.0,15.0,1
1731405259000,1,21,14.1,136.0,12.0,1
1731405259000,1,2,24.6,152.0,11.0,1
1731405260000,1,8,13.8,79.0,56.0,1
1731405260000,1,3,16.3,184.0,15.0,1
1731405260000,1,21,14.1,136.0,12.0,1
1731405260000,1,2,21.6,152.0,11.0,1
1731405261000,1,8,13.6,79.0,56.0,1
1731405261000,1,3,16.3,184.0,15.0,1
1731405261000,1,21,14.2,136.0,12.0,1
1731405261000,1,2,21.5,152.0,11.0,1
1731405262000,1,8,13.6,79.0,56.0,1
1731405262000,1,3,16.3,184.0,15.0,1
1731405262000,1,21,14.2,136.0,12.0,1
1731405262000,1,2,24.0,152.0,11.0,1
1731405263000,1,8,13.6,79.0,56.0,1
1731405263000,1,3,16.3,184.0,15.0,1
1731405263000,1,21,14.2,136.0,12.0,1
1731405263000,1,2,21.6,152.0,11.0,1
1731405264000,1,3,16.4,184.0,15.0,1
1731405264000,1,2,23.0,152.0,11.0,1
1731405265000,1,3,16.5,184.0,15.0,1
1731405265000,1,2,23.0,152.0,11.0,1
1731405266000,1,3,16.6,184.0,15.0,1
1731405266000,1,21,14.0,136.0,12.0,1
1731405266000,1,2,23.2,152.0,11.0,1
1731405267000,1,3,16.6,184.0,15.0,1
1731405267000,1,21,14.0,136.0,12.0,1
1731405267000,1,2,23.2,152.0,11.0,1
1731405268000,1,3,16.6,184.0,15.0,1
1731405268000,1,21,14.0,136.0,12.0,1
1731405268000,1,2,23.1,152.0,11.0,1
1731405269000,1,3,16.6,184.0,15.0,1
1731405269000,1,2,23.1,152.0,11.0,1
1731405270000,1,3,16.6,184.0,15.0,1
1731405270000,1,2,23.0,152.0,11.0,1
1731405271000,1,3,16.6,184.0,15.0,1
1731405271000,1,21,13.4,136.0,12.0,1
1731405271000,1,2,23.1,152.0,11.0,1
1731405272000,1,27,15.9,51.0,28.0,1
1731405272000,1,3,16.3,184.0,15.0,1
1731405272000,1,21,13.4,136.0,12.0,1
1731405272000,1,2,23.1,152.0,11.0,1
1731405273000,1,27,15.9,51.0,28.0,1
1731405273000,1,3,17.8,184.0,15.0,1
1731405273000,1,21,13.4,136.0,12.0,1
1731405273000,1,2,23.2,152.0,11.0,1
1731405274000,1,27,15.9,51.0,28.0,1
1731405274000,1,3,17.8,184.0,15.0,1
1731405274000,1,2,23.2,152.0,11.0,1
1731405275000,1,27,15.9,51.0,28.0,1
1731405275000,1,3,17.8,184.0,15.0,1
1731405275000,1,2,23.2,152.0,11.0,1
1731405276000,1,27,15.9,51.0,28.0,1
1731405276000,1,3,18.2,184.0,15.0,1
1731405276000,1,2,23.2,152.0,11.0,1
1731405277000,1,27,15.9,51.0,28.0,1
1731405277000,1,3,18.2,184.0,15.0,1
1731405277000,1,2,23.3,152.0,11.0,1
1731405278000,1,27,16.0,51.0,28.0,1
1731405278000,1,3,18.3,184.0,15.0,1
1731405278000,1,2,23.2,152.0,11.0,1
1731405279000,1,27,16.0,51.0,28.0,1
1731405279000,1,3,18.4,184.0,15.0,1
1731405279000,1,2,23.2,152.0,11.0,1
1731405280000,1,27,16.0,51.0,28.0,1
1731405280000,1,3,18.4,184.0,15.0,1
1731405280000,1,2,23.1,152.0,11.0,1
1731405281000,1,27,16.0,51.0,28.0,1
1731405281000,1,3,18.5,184.0,15.0,1
1731405281000,1,2,23.1,152.0,11.0,1
1731405282000,1,27,16.0,51.0,28.0,1
1731405282000,1,3,18.5,184.0,15.0,1
1731405282000,1,2,23.2,152.0,11.0,1
1731405283000,1,27,16.0,51.0,28.0,1
1731405283000,1,3,18.6,184.0,15.0,1
1731405283000,1,2,23.1,152.0,11.0,1
1731405284000,1,27,16.0,51.0,28.0,1
1731405284000,1,3,18.7,184.0,15.0,1
1731405284000,1,2,23.1,152.0,11.0,1
1731405285000,1,27,13.4,51.0,28.0,1
1731405285000,1,3,21.2,184.0,15.0,1
1731405285000,1,2,23.1,152.0,11.0,1
1731405286000,1,27,13.4,51.0,28.0,1
1731405286000,1,3,21.2,184.0,15.0,1
1731405286000,1,2,19.0,152.0,11.0,1
1731405287000,1,27,13.4,51.0,28.0,1
1731405287000,1,3,21.2,184.0,15.0,1
1731405287000,1,2,18.9,152.0,11.0,1
1731405288000,1,27,16.5,51.0,28.0,1
1731405288000,1,3,21.1,184.0,15.0,1
1731405288000,1,2,18.9,152.0,11.0,1
1731405289000,1,27,16.5,51.0,28.0,1
1731405289000,1,3,21.1,184.0,15.0,1
1731405289000,1,2,18.9,152.0,11.0,1
1731405290000,1,27,13.8,51.0,28.0,1
1731405290000,1,3,21.0,184.0,15.0,1
1731405290000,1,2,18.9,152.0,11.0,1
1731405291000,1,27,13.8,51.0,28.0,1
1731405291000,1,3,20.9,184.0,15.0,1
1731405291000,1,2,18.9,152.0,11.0,1
1731405292000,1,27,13.8,51.0,28.0,1
1731405292000,1,3,20.9,184.0,15.0,1
1731405292000,1,2,15.8,152.0,11.0,1
1731405293000,1,3,20.8,184.0,15.0,1
1731405293000,1,2,15.8,152.0,11.0,1
1731405294000,1,3,20.8,184.0,15.0,1
1731405294000,1,2,15.8,152.0,11.0,1
1731405295000,1,3,20.7,184.0,15.0,1
1731405295000,1,2,15.9,152.0,11.0,1
1731405296000,1,3,20.6,184.0,15.0,1
1731405296000,1,2,15.9,152.0,11.0,1
1731405297000,1,3,20.5,184.0,15.0,1
1731405297000,1,2,19.1,152.0,11.0,1
1731405298000,1,3,20.5,184.0,15.0,1
1731405298000,1,2,19.1,152.0,11.0,1
1731405299000,1,3,20.5,184.0,15.0,1
1731405299000,1,2,19.2,152.0,11.0,1
1731405300000,1,3,20.5,184.0,15.0,1
1731405300000,1,2,19.3,152.0,11.0,1
1731405301000,1,3,20.5,184.0,15.0,1
1731405301000,1,2,19.4,152.0,11.0,1
1731405302000,1,3,20.5,184.0,15.0,1
1731405302000,1,2,19.5,152.0,11.0,1
1731405303000,1,3,20.5,184.0,15.0,1
1731405303000,1,2,19.5,152.0,11.0,1
1731405304000,1,3,20.5,184.0,15.0,1
1731405304000,1,2,19.6,152.0,11.0,1
1731405305000,1,3,20.5,184.0,15.0,1
1731405305000,1,2,19.6,152.0,11.0,1
1731405306000,1,3,20.5,184.0,15.0,1
1731405306000,1,2,12.6,152.0,11.0,1
1731405307000,1,3,20.5,184.0,15.0,1
1731405307000,1,2,19.9,152.0,11.0,1
1731405308000,1,3,20.5,184.0,15.0,1
1731405308000,1,2,20.7,152.0,11.0,1
1731405309000,1,3,12.7,184.0,15.0,1
1731405309000,1,2,20.5,152.0,11.0,1
1731405310000,1,3,12.7,184.0,15.0,1
1731405310000,1,2,18.2,152.0,11.0,1
1731405311000,1,3,12.7,184.0,15.0,1
1731405311000,1,2,18.3,152.0,11.0,1
1731405312000,1,3,13.3,184.0,15.0,1
1731405312000,1,2,18.4,152.0,11.0,1
1731405313000,1,3,18.8,184.0,15.0,1
1731405313000,1,2,18.4,152.0,11.0,1
1731405314000,1,3,19.0,184.0,15.0,1
1731405314000,1,2,18.5,152.0,11.0,1
1731405315000,1,3,18.6,184.0,15.0,1
1731405315000,1,2,18.5,152.0,11.0,1
1731405316000,1,3,18.3,184.0,15.0,1
1731405316000,1,2,18.6,152.0,11.0,1
1731405317000,1,3,18.3,184.0,15.0,1
1731405317000,1,2,14.5,152.0,11.0,1
1731405318000,1,3,18.3,184.0,15.0,1
1731405318000,1,2,14.5,152.0,11.0,1
1731405319000,1,3,18.2,184.0,15.0,1
1731405319000,1,2,17.9,152.0,11.0,1
1731405320000,1,3,18.2,184.0,15.0,1
1731405320000,1,2,18.0,152.0,11.0,1
1731405321000,1,3,14.4,184.0,15.0,1
1731405321000,1,2,18.0,152.0,11.0,1
1731405322000,1,3,14.4,184.0,15.0,1
1731405322000,1,2,18.1,152.0,11.0,1
1731405323000,1,3,18.2,184.0,15.0,1
1731405323000,1,2,18.0,152.0,11.0,1
1731405324000,1,3,18.2,184.0,15.0,1
1731405324000,1,2,18.0,152.0,11.0,1
1731405325000,1,3,18.2,184.0,15.0,1
1731405325000,1,2,17.9,152.0,11.0,1
1731405326000,1,3,18.2,184.0,15.0,1
1731405326000,1,2,17.8,152.0,11.0,1
1731405327000,1,3,18.1,184.0,15.0,1
1731405327000,1,2,17.7,152.0,11.0,1
1731405328000,1,3,18.1,184.0,15.0,1
1731405328000,1,2,13.2,152.0,11.0,1
1731405329000,1,3,18.1,184.0,15.0,1
1731405329000,1,2,13.2,152.0,11.0,1
1731405330000,1,3,18.1,184.0,15.0,1
1731405330000,1,21,14.5,136.0,12.0,1
1731405330000,1,2,13.2,152.0,11.0,1
1731405331000,1,3,18.0,184.0,15.0,1
1731405331000,1,21,14.5,136.0,12.0,1
1731405331000,1,2,13.4,152.0,11.0,1
1731405332000,1,3,18.0,184.0,15.0,1
1731405332000,1,21,16.3,136.0,12.0,1
1731405332000,1,2,13.4,152.0,11.0,1
1731405333000,1,3,18.0,184.0,15.0,1
1731405333000,1,21,16.3,136.0,12.0,1
1731405334000,1,3,18.0,184.0,15.0,1
1731405334000,1,21,16.3,136.0,12.0,1
1731405335000,1,3,18.0,184.0,15.0,1
1731405335000,1,21,16.2,136.0,12.0,1
1731405336000,1,3,17.9,184.0,15.0,1
1731405336000,1,21,16.1,136.0,12.0,1
1731405337000,1,3,17.9,184.0,15.0,1
1731405337000,1,21,16.2,136.0,12.0,1
1731405338000,1,3,17.8,184.0,15.0,1
1731405338000,1,21,16.2,136.0,12.0,1
1731405339000,1,3,17.9,184.0,15.0,1
1731405339000,1,21,16.2,136.0,12.0,1
1731405340000,1,3,17.9,184.0,15.0,1
1731405340000,1,21,19.7,136.0,12.0,1
1731405341000,1,3,18.0,184.0,15.0,1
1731405341000,1,21,19.7,136.0,12.0,1
1731405342000,1,3,18.2,184.0,15.0,1
1731405342000,1,21,19.6,136.0,12.0,1
1731405343000,1,3,18.2,184.0,15.0,1
1731405343000,1,21,19.6,136.0,12.0,1
1731405344000,1,8,13.1,79.0,56.0,1
1731405344000,1,3,18.2,184.0,15.0,1
1731405344000,1,21,19.5,136.0,12.0,1
1731405345000,1,8,13.1,79.0,56.0,1
1731405345000,1,3,18.2,184.0,15.0,1
1731405345000,1,21,19.4,136.0,12.0,1
1731405346000,1,8,13.1,79.0,56.0,1
1731405346000,1,3,18.3,184.0,15.0,1
1731405346000,1,21,19.4,136.0,12.0,1
1731405347000,1,8,13.0,79.0,56.0,1
1731405347000,1,3,18.4,184.0,15.0,1
1731405347000,1,21,16.2,136.0,12.0,1
1731405348000,1,8,13.0,79.0,56.0,1
1731405348000,1,3,18.4,184.0,15.0,1
1731405348000,1,21,16.2,136.0,12.0,1
1731405349000,1,8,12.4,79.0,56.0,1
1731405349000,1,3,18.6,184.0,15.0,1
1731405349000,1,21,16.3,136.0,12.0,1
1731405350000,1,8,12.4,79.0,56.0,1
1731405350000,1,3,18.6,184.0,15.0,1
1731405350000,1,21,16.4,136.0,12.0,1
1731405351000,1,8,12.4,79.0,56.0,1
1731405351000,1,3,18.8,184.0,15.0,1
1731405351000,1,21,16.5,136.0,12.0,1
1731405352000,1,3,18.8,184.0,15.0,1
1731405352000,1,21,13.7,136.0,12.0,1
1731405353000,1,3,18.9,184.0,15.0,1
1731405353000,1,21,13.7,136.0,12.0,1
1731405354000,1,3,19.0,184.0,15.0,1
1731405354000,1,21,14.2,136.0,12.0,1
1731405355000,1,3,22.5,184.0,15.0,1
1731405355000,1,21,14.2,136.0,12.0,1
1731405356000,1,3,22.5,184.0,15.0,1
1731405356000,1,21,14.2,136.0,12.0,1
1731405357000,1,3,22.5,184.0,15.0,1
1731405357000,1,21,14.3,136.0,12.0,1
1731405358000,1,3,22.4,184.0,15.0,1
1731405358000,1,21,14.3,136.0,12.0,1
1731405359000,1,3,22.3,184.0,15.0,1
1731405359000,1,21,14.3,136.0,12.0,1
1731405360000,1,3,22.3,184.0,15.0,1
1731405360000,1,21,13.6,136.0,12.0,1
1731405361000,1,3,22.3,184.0,15.0,1
1731405361000,1,21,13.6,136.0,12.0,1
1731405362000,1,3,22.4,184.0,15.0,1
1731405362000,1,21,14.2,136.0,12.0,1
1731405363000,1,3,22.4,184.0,15.0,1
1731405363000,1,21,14.2,136.0,12.0,1
1731405364000,1,3,22.4,184.0,15.0,1
1731405364000,1,21,14.2,136.0,12.0,1
1731405365000,1,3,22.3,184.0,15.0,1
1731405365000,1,21,17.3,136.0,12.0,1
1731405366000,1,3,22.2,184.0,15.0,1
1731405366000,1,21,17.3,136.0,12.0,1
1731405367000,1,3,22.2,184.0,15.0,1
1731405367000,1,21,17.3,136.0,12.0,1
1731405368000,1,3,22.1,184.0,15.0,1
1731405368000,1,21,17.3,136.0,12.0,1
1731405369000,1,3,22.0,184.0,15.0,1
1731405369000,1,21,17.3,136.0,12.0,1
1731405370000,1,3,19.1,184.0,15.0,1
1731405370000,1,21,17.4,136.0,12.0,1
1731405371000,1,3,19.1,184.0,15.0,1
1731405371000,1,21,17.4,136.0,12.0,1
1731405372000,1,3,19.1,184.0,15.0,1
1731405372000,1,21,17.4,136.0,12.0,1
1731405373000,1,3,19.2,184.0,15.0,1
1731405373000,1,21,17.4,136.0,12.0,1
1731405374000,1,3,19.2,184.0,15.0,1
1731405374000,1,21,17.4,136.0,12.0,1
1731405375000,1,3,19.3,184.0,15.0,1
1731405375000,1,21,17.5,136.0,12.0,1
1731405376000,1,3,21.9,184.0,15.0,1
1731405376000,1,21,17.6,136.0,12.0,1
1731405377000,1,3,21.9,184.0,15.0,1
1731405377000,1,21,17.6,136.0,12.0,1
1731405378000,1,3,21.9,184.0,15.0,1
1731405378000,1,21,17.6,136.0,12.0,1
1731405379000,1,3,21.9,184.0,15.0,1
1731405379000,1,21,17.7,136.0,12.0,1
1731405380000,1,3,21.9,184.0,15.0,1
1731405380000,1,21,17.7,136.0,12.0,1
1731405380000,1,2,19.9,152.0,11.0,1
1731405381000,1,3,21.8,184.0,15.0,1
1731405381000,1,21,17.8,136.0,12.0,1
1731405381000,1,2,19.9,152.0,11.0,1
1731405382000,1,3,21.9,184.0,15.0,1
1731405382000,1,21,17.8,136.0,12.0,1
1731405382000,1,2,19.5,152.0,11.0,1
1731405383000,1,3,21.9,184.0,15.0,1
1731405383000,1,21,17.9,136.0,12.0,1
1731405383000,1,2,19.5,152.0,11.0,1
1731405384000,1,3,21.8,184.0,15.0,1
1731405384000,1,21,17.9,136.0,12.0,1
1731405384000,1,2,19.5,152.0,11.0,1
1731405385000,1,3,21.9,184.0,15.0,1
1731405385000,1,21,17.8,136.0,12.0,1
1731405385000,1,2,19.4,152.0,11.0,1
1731405386000,1,3,21.9,184.0,15.0,1
1731405386000,1,21,17.8,136.0,12.0,1
1731405386000,1,2,19.3,152.0,11.0,1
1731405387000,1,3,21.9,184.0,15.0,1
1731405387000,1,21,17.8,136.0,12.0,1
1731405387000,1,2,19.3,152.0,11.0,1
1731405388000,1,3,22.0,184.0,15.0,1
1731405388000,1,21,14.2,136.0,12.0,1
1731405388000,1,2,19.2,152.0,11.0,1
1731405389000,1,3,22.0,184.0,15.0,1
1731405389000,1,21,14.2,136.0,12.0,1
1731405389000,1,2,19.2,152.0,11.0,1
1731405390000,1,3,22.0,184.0,15.0,1
1731405390000,1,21,12.7,136.0,12.0,1
1731405390000,1,2,19.2,152.0,11.0,1
1731405391000,1,3,22.1,184.0,15.0,1
1731405391000,1,21,12.7,136.0,12.0,1
1731405391000,1,2,19.2,152.0,11.0,1
1731405392000,1,3,22.1,184.0,15.0,1
1731405392000,1,21,12.7,136.0,12.0,1
1731405392000,1,2,19.2,152.0,11.0,1
1731405393000,1,3,22.1,184.0,15.0,1
1731405393000,1,2,19.2,152.0,11.0,1
1731405394000,1,3,22.1,184.0,15.0,1
1731405394000,1,2,19.2,152.0,11.0,1
1731405395000,1,3,22.2,184.0,15.0,1
1731405395000,1,2,19.3,152.0,11.0,1
1731405396000,1,3,22.2,184.0,15.0,1
1731405396000,1,2,13.6,152.0,11.0,1
1731405397000,1,3,22.2,184.0,15.0,1
1731405397000,1,2,13.6,152.0,11.0,1
1731405398000,1,3,22.2,184.0,15.0,1
1731405398000,1,2,14.9,152.0,11.0,1
1731405399000,1,3,22.2,184.0,15.0,1
1731405399000,1,2,14.9,152.0,11.0,1
1731405400000,1,3,22.3,184.0,15.0,1
1731405400000,1,2,14.9,152.0,11.0,1
1731405401000,1,3,22.3,184.0,15.0,1
1731405401000,1,2,11.0,152.0,11.0,1
1731405402000,1,3,22.3,184.0,15.0,1
1731405402000,1,2,11.0,152.0,11.0,1
1731405403000,1,3,22.4,184.0,15.0,1
1731405403000,1,2,13.5,152.0,11.0,1
1731405404000,1,3,22.3,184.0,15.0,1
1731405404000,1,2,13.5,152.0,11.0,1
1731405405000,1,3,22.3,184.0,15.0,1
1731405405000,1,2,13.5,152.0,11.0,1
1731405406000,1,14,14.9,247.0,21.0,1
1731405406000,1,3,22.4,184.0,15.0,1
1731405406000,1,2,14.5,152.0,11.0,1
1731405407000,1,14,14.9,247.0,21.0,1
1731405407000,1,3,22.3,184.0,15.0,1
1731405407000,1,2,14.5,152.0,11.0,1
1731405408000,1,14,14.9,247.0,21.0,1
1731405408000,1,3,22.2,184.0,15.0,1
1731405408000,1,2,14.5,152.0,11.0,1
1731405409000,1,14,15.0,247.0,21.0,1
1731405409000,1,3,13.8,184.0,15.0,1
1731405409000,1,2,14.5,152.0,11.0,1
1731405410000,1,14,15.0,247.0,21.0,1
1731405410000,1,3,13.8,184.0,15.0,1
1731405410000,1,2,14.5,152.0,11.0,1
1731405411000,1,14,15.1,247.0,21.0,1
1731405411000,1,3,13.8,184.0,15.0,1
1731405411000,1,2,13.1,152.0,11.0,1
1731405412000,1,14,20.6,247.0,21.0,1
1731405412000,1,3,19.0,184.0,15.0,1
1731405412000,1,2,13.1,152.0,11.0,1
1731405413000,1,14,20.6,247.0,21.0,1
1731405413000,1,3,19.0,184.0,15.0,1
1731405413000,1,2,13.1,151.0,11.0,1
1731405414000,1,14,20.6,247.0,21.0,1
1731405414000,1,3,19.0,184.0,14.0,1
1731405414000,1,21,18.8,136.0,12.0,1
1731405415000,1,14,20.5,247.0,21.0,1
1731405415000,1,3,19.1,184.0,14.0,1
1731405415000,1,21,18.8,136.0,12.0,1
1731405416000,1,14,20.6,247.0,21.0,1
1731405416000,1,3,19.2,184.0,14.0,1
1731405416000,1,21,17.5,136.0,12.0,1
1731405417000,1,14,20.5,247.0,21.0,1
1731405417000,1,3,19.3,184.0,14.0,1
1731405417000,1,21,17.5,136.0,12.0,1
1731405418000,1,14,20.4,247.0,21.0,1
1731405418000,1,3,19.4,184.0,14.0,1
1731405418000,1,21,17.5,136.0,12.0,1
1731405419000,1,14,20.4,247.0,21.0,1
1731405419000,1,3,19.5,184.0,14.0,1
1731405419000,1,21,17.5,136.0,12.0,1
1731405420000,1,14,20.3,247.0,21.0,1
1731405420000,1,3,19.5,184.0,14.0,1
1731405420000,1,21,17.6,136.0,12.0,1
1731405421000,1,14,20.3,247.0,21.0,1
1731405421000,1,3,19.6,184.0,14.0,1
1731405421000,1,21,17.7,136.0,12.0,1
1731405422000,1,14,20.3,247.0,21.0,1
1731405422000,1,3,19.6,184.0,14.0,1
1731405422000,1,21,17.7,136.0,12.0,1
1731405423000,1,14,20.3,247.0,21.0,1
1731405423000,1,3,19.6,184.0,14.0,1
1731405423000,1,21,17.8,136.0,12.0,1
1731405424000,1,14,20.3,247.0,21.0,1
1731405424000,1,3,19.7,184.0,14.0,1
1731405424000,1,21,17.8,136.0,12.0,1
1731405425000,1,14,20.3,248.0,22.0,1
1731405425000,1,3,19.6,184.0,14.0,1
1731405425000,1,21,17.8,136.0,12.0,1
1731405426000,1,14,20.4,248.0,22.0,1
1731405426000,1,3,19.6,184.0,14.0,1
1731405426000,1,21,17.7,136.0,12.0,1
1731405427000,1,14,20.3,248.0,22.0,1
1731405427000,1,3,19.7,184.0,14.0,1
1731405427000,1,21,14.3,136.0,12.0,1
1731405428000,1,8,16.2,77.0,56.0,1
1731405428000,1,14,20.2,248.0,22.0,1
1731405428000,1,3,19.7,184.0,14.0,1
1731405428000,1,21,14.3,136.0,12.0,1
1731405429000,1,8,17.2,77.0,56.0,1
1731405429000,1,14,20.2,248.0,22.0,1
1731405429000,1,3,19.7,184.0,14.0,1
1731405429000,1,21,14.3,136.0,12.0,1
1731405430000,1,8,17.2,77.0,56.0,1
1731405430000,1,14,20.1,248.0,22.0,1
1731405430000,1,3,19.7,184.0,14.0,1
1731405430000,1,21,14.3,136.0,12.0,1
1731405431000,1,8,17.2,77.0,56.0,1
1731405431000,1,14,17.1,248.0,22.0,1
1731405431000,1,3,19.7,184.0,14.0,1
1731405431000,1,21,14.4,136.0,12.0,1
1731405432000,1,8,14.1,77.0,56.0,1
1731405432000,1,14,17.1,248.0,22.0,1
1731405432000,1,3,19.7,184.0,14.0,1
1731405432000,1,21,14.0,134.0,12.0,1
1731405433000,1,8,14.1,77.0,56.0,1
1731405433000,1,14,17.1,248.0,22.0,1
1731405433000,1,3,19.8,184.0,14.0,1
1731405433000,1,21,14.0,134.0,12.0,1
1731405434000,1,8,14.2,77.0,56.0,1
1731405434000,1,14,17.0,248.0,22.0,1
1731405434000,1,3,19.8,184.0,14.0,1
1731405434000,1,21,14.0,134.0,12.0,1
1731405435000,1,8,14.3,77.0,56.0,1
1731405435000,1,14,16.9,248.0,22.0,1
1731405435000,1,3,13.1,184.0,14.0,1
1731405436000,1,8,14.4,77.0,56.0,1
1731405436000,1,14,13.5,248.0,22.0,1
1731405436000,1,3,13.1,184.0,14.0,1
1731405437000,1,8,14.4,77.0,56.0,1
1731405437000,1,14,13.5,248.0,22.0,1
1731405438000,1,8,14.4,77.0,56.0,1
1731405438000,1,14,13.5,248.0,22.0,1
1731405438000,1,21,12.5,134.0,12.0,1
1731405439000,1,8,14.3,77.0,56.0,1
1731405439000,1,14,12.1,248.0,22.0,1
1731405439000,1,21,12.5,134.0,12.0,1
1731405440000,1,8,14.3,77.0,56.0,1
1731405440000,1,14,12.1,248.0,22.0,1
1731405440000,1,21,16.7,134.0,12.0,1
1731405441000,1,8,14.3,77.0,56.0,1
1731405441000,1,21,16.7,134.0,12.0,1
1731405442000,1,8,14.4,77.0,56.0,1
1731405442000,1,21,16.7,134.0,12.0,1
1731405443000,1,8,18.4,77.0,56.0,1
1731405443000,1,3,19.6,184.0,14.0,1
1731405443000,1,21,16.7,134.0,12.0,1
1731405444000,1,8,18.4,77.0,56.0,1
1731405444000,1,3,18.6,184.0,14.0,1
1731405444000,1,21,16.7,134.0,12.0,1
1731405444000,1,2,20.3,151.0,11.0,1
1731405445000,1,8,18.4,77.0,56.0,1
1731405445000,1,3,22.4,184.0,14.0,1
1731405445000,1,21,16.6,134.0,12.0,1
1731405445000,1,2,20.5,151.0,11.0,1
1731405446000,1,8,18.3,77.0,56.0,1
1731405446000,1,3,23.3,184.0,14.0,1
1731405446000,1,21,16.5,134.0,12.0,1
1731405446000,1,2,22.0,151.0,11.0,1
1731405447000,1,8,18.2,77.0,56.0,1
1731405447000,1,3,23.3,184.0,14.0,1
1731405447000,1,21,16.3,134.0,12.0,1
1731405447000,1,2,22.1,151.0,11.0,1
1731405448000,1,8,14.8,77.0,56.0,1
1731405448000,1,3,23.2,184.0,14.0,1
1731405448000,1,21,13.1,134.0,12.0,1
1731405448000,1,2,22.0,151.0,11.0,1
1731405449000,1,8,14.8,77.0,56.0,1
1731405449000,1,3,23.1,184.0,14.0,1
1731405449000,1,21,13.1,134.0,12.0,1
1731405449000,1,2,22.0,151.0,11.0,1
1731405450000,1,8,14.8,77.0,56.0,1
1731405450000,1,3,23.0,184.0,14.0,1
1731405450000,1,21,13.4,134.0,12.0,1
1731405450000,1,2,21.9,151.0,11.0,1
1731405451000,1,8,12.3,77.0,56.0,1
1731405451000,1,3,23.0,184.0,14.0,1
1731405451000,1,21,13.4,134.0,12.0,1
1731405451000,1,2,21.8,151.0,11.0,1
1731405452000,1,8,12.3,77.0,56.0,1
1731405452000,1,3,23.1,184.0,14.0,1
1731405452000,1,21,13.4,134.0,12.0,1
1731405452000,1,2,21.9,151.0,11.0,1
1731405453000,1,8,17.2,77.0,56.0,1
1731405453000,1,3,22.9,184.0,14.0,1
1731405453000,1,21,14.8,134.0,12.0,1
1731405453000,1,2,21.9,151.0,11.0,1
1731405454000,1,8,17.2,77.0,56.0,1
1731405454000,1,3,22.8,184.0,14.0,1
1731405454000,1,21,14.8,134.0,12.0,1
1731405454000,1,2,21.8,151.0,11.0,1
1731405455000,1,8,17.2,77.0,56.0,1
1731405455000,1,3,20.3,184.0,14.0,1
1731405455000,1,21,13.9,134.0,12.0,1
1731405455000,1,2,21.7,151.0,11.0,1
1731405456000,1,8,12.8,77.0,56.0,1
1731405456000,1,3,20.4,184.0,14.0,1
1731405456000,1,21,13.9,134.0,12.0,1
1731405456000,1,2,21.6,151.0,11.0,1
1731405457000,1,8,12.8,77.0,56.0,1
1731405457000,1,3,20.5,184.0,14.0,1
1731405457000,1,21,13.9,134.0,12.0,1
1731405457000,1,2,21.5,151.0,11.0,1
1731405458000,1,3,23.1,184.0,14.0,1
1731405458000,1,21,14.2,134.0,12.0,1
1731405458000,1,2,24.6,151.0,11.0,1
1731405459000,1,3,23.1,184.0,14.0,1
1731405459000,1,21,14.2,134.0,12.0,1
1731405459000,1,2,24.6,151.0,11.0,1
1731405460000,1,3,23.1,184.0,14.0,1
1731405460000,1,21,14.2,134.0,12.0,1
1731405460000,1,2,24.5,151.0,11.0,1
1731405461000,1,3,23.2,184.0,14.0,1
1731405461000,1,21,14.2,134.0,12.0,1
1731405461000,1,2,24.5,151.0,11.0,1
1731405462000,1,3,23.1,184.0,14.0,1
1731405462000,1,21,14.2,134.0,12.0,1
1731405462000,1,2,24.5,151.0,11.0,1
1731405463000,1,3,23.1,184.0,14.0,1
1731405463000,1,21,12.9,134.0,12.0,1
1731405463000,1,2,24.5,151.0,11.0,1
1731405464000,1,3,23.0,184.0,14.0,1
1731405464000,1,21,12.9,134.0,12.0,1
1731405464000,1,2,24.4,151.0,11.0,1
1731405465000,1,3,20.4,184.0,14.0,1
1731405465000,1,21,12.9,134.0,12.0,1
1731405465000,1,2,24.4,151.0,11.0,1
1731405466000,1,3,20.5,184.0,14.0,1
1731405466000,1,21,14.1,134.0,12.0,1
1731405466000,1,2,24.5,151.0,11.0,1
1731405467000,1,3,20.5,184.0,14.0,1
1731405467000,1,21,14.1,134.0,12.0,1
1731405467000,1,2,27.3,151.0,11.0,1
1731405468000,1,3,20.5,184.0,14.0,1
1731405468000,1,21,13.6,134.0,12.0,1
1731405468000,1,2,27.3,151.0,11.0,1
1731405469000,1,3,20.5,184.0,14.0,1
1731405469000,1,21,13.6,134.0,12.0,1
1731405469000,1,2,27.2,151.0,11.0,1
1731405470000,1,3,20.6,184.0,14.0,1
1731405470000,1,21,13.6,134.0,12.0,1
1731405470000,1,2,25.0,151.0,11.0,1
1731405471000,1,3,20.5,184.0,14.0,1
1731405471000,1,21,13.5,134.0,12.0,1
1731405471000,1,2,25.3,151.0,11.0,1
1731405472000,1,3,20.6,184.0,14.0,1
1731405472000,1,21,13.5,134.0,12.0,1
1731405472000,1,2,25.1,151.0,11.0,1
1731405473000,1,3,20.6,184.0,14.0,1
1731405473000,1,21,13.6,134.0,12.0,1
1731405473000,1,2,25.1,151.0,11.0,1
1731405474000,1,3,20.6,184.0,14.0,1
1731405474000,1,21,13.6,134.0,12.0,1
1731405474000,1,2,25.3,151.0,11.0,1
1731405475000,1,3,20.6,184.0,14.0,1
1731405475000,1,21,13.7,134.0,12.0,1
1731405475000,1,2,25.3,151.0,11.0,1
1731405476000,1,3,20.7,184.0,14.0,1
1731405476000,1,2,25.3,151.0,11.0,1
1731405477000,1,3,20.7,184.0,14.0,1
1731405477000,1,2,25.3,151.0,11.0,1
1731405478000,1,3,20.7,184.0,14.0,1
1731405478000,1,2,25.4,151.0,11.0,1
1731405479000,1,3,20.8,184.0,14.0,1
1731405479000,1,2,25.5,151.0,11.0,1
1731405480000,1,3,20.8,184.0,14.0,1
1731405480000,1,2,24.9,151.0,11.0,1
1731405481000,1,3,20.8,184.0,14.0,1
1731405481000,1,2,25.1,151.0,11.0,1
1731405482000,1,8,16.7,77.0,56.0,1
1731405482000,1,3,20.7,184.0,14.0,1
1731405482000,1,2,25.0,151.0,11.0,1
1731405483000,1,8,16.7,77.0,56.0,1
1731405483000,1,3,20.7,184.0,14.0,1
1731405483000,1,2,26.3,151.0,11.0,1
1731405484000,1,8,16.7,77.0,56.0,1
1731405484000,1,3,20.7,184.0,14.0,1
1731405484000,1,21,16.7,134.0,12.0,1
1731405484000,1,2,25.6,151.0,11.0,1
1731405485000,1,3,20.7,184.0,14.0,1
1731405485000,1,21,17.1,134.0,12.0,1
1731405485000,1,2,26.0,151.0,11.0,1
1731405486000,1,3,20.6,184.0,14.0,1
1731405486000,1,21,17.1,134.0,12.0,1
1731405486000,1,2,27.2,151.0,11.0,1
1731405487000,1,3,20.5,184.0,14.0,1
1731405487000,1,21,17.1,134.0,12.0,1
1731405487000,1,2,26.8,151.0,11.0,1
1731405488000,1,3,20.4,184.0,14.0,1
1731405488000,1,21,17.0,134.0,12.0,1
1731405488000,1,2,27.6,151.0,11.0,1
1731405489000,1,3,20.3,184.0,14.0,1
1731405489000,1,21,17.0,134.0,12.0,1
1731405489000,1,2,25.2,151.0,11.0,1
1731405490000,1,3,20.2,184.0,14.0,1
1731405490000,1,21,17.0,134.0,12.0,1
1731405490000,1,2,26.5,151.0,11.0,1
1731405491000,1,3,16.9,184.0,14.0,1
1731405491000,1,21,17.0,134.0,12.0,1
1731405491000,1,2,25.7,151.0,11.0,1
1731405492000,1,3,16.9,184.0,14.0,1
1731405492000,1,21,17.1,134.0,12.0,1
1731405492000,1,2,25.3,151.0,11.0,1
1731405492000,1,22,16.0,236.0,5.0,1
1731405493000,1,3,16.9,184.0,14.0,1
1731405493000,1,21,17.0,134.0,12.0,1
1731405493000,1,2,25.7,151.0,11.0,1
1731405493000,1,22,16.0,236.0,5.0,1
1731405494000,1,3,16.9,184.0,14.0,1
1731405494000,1,21,17.0,134.0,12.0,1
1731405494000,1,2,25.6,151.0,11.0,1
1731405494000,1,22,16.0,236.0,5.0,1
1731405495000,1,3,16.9,184.0,14.0,1
1731405495000,1,21,17.0,134.0,12.0,1
1731405495000,1,2,25.6,151.0,11.0,1
1731405495000,1,22,16.0,236.0,5.0,1
1731405496000,1,3,17.0,184.0,14.0,1
1731405496000,1,21,17.0,134.0,12.0,1
1731405496000,1,2,25.2,151.0,11.0,1
1731405496000,1,22,16.0,236.0,5.0,1
1731405497000,1,3,17.0,184.0,14.0,1
1731405497000,1,21,17.1,134.0,12.0,1
1731405497000,1,2,25.9,151.0,11.0,1
1731405497000,1,22,15.9,236.0,5.0,1
1731405498000,1,3,17.1,184.0,14.0,1
1731405498000,1,21,17.0,134.0,12.0,1
1731405498000,1,2,25.8,151.0,11.0,1
1731405498000,1,22,15.8,236.0,5.0,1
1731405499000,1,3,17.2,184.0,14.0,1
1731405499000,1,21,16.9,134.0,12.0,1
1731405499000,1,2,25.5,151.0,11.0,1
1731405499000,1,22,15.8,236.0,5.0,1
1731405500000,1,3,17.3,184.0,14.0,1
1731405500000,1,21,13.6,134.0,12.0,1
1731405500000,1,2,24.3,151.0,11.0,1
1731405500000,1,22,15.7,236.0,5.0,1
1731405501000,1,3,17.3,184.0,14.0,1
1731405501000,1,21,13.6,134.0,12.0,1
1731405501000,1,2,27.1,151.0,11.0,1
1731405501000,1,22,15.7,236.0,5.0,1
1731405502000,1,3,17.3,184.0,14.0,1
1731405502000,1,21,13.6,134.0,12.0,1
1731405502000,1,2,26.2,151.0,11.0,1
1731405502000,1,22,15.6,236.0,5.0,1
1731405503000,1,3,17.3,184.0,14.0,1
1731405503000,1,21,16.2,134.0,12.0,1
1731405503000,1,2,26.4,151.0,11.0,1
1731405503000,1,22,15.5,236.0,5.0,1
1731405504000,1,3,13.5,184.0,14.0,1
1731405504000,1,21,16.2,134.0,12.0,1
1731405504000,1,2,25.1,151.0,11.0,1
1731405504000,1,22,15.5,236.0,5.0,1
1731405505000,1,3,13.5,184.0,14.0,1
1731405505000,1,21,16.2,134.0,12.0,1
1731405505000,1,2,26.7,151.0,11.0,1
1731405505000,1,22,15.5,236.0,5.0,1
1731405506000,1,3,12.2,184.0,14.0,1
1731405506000,1,21,16.2,134.0,12.0,1
1731405506000,1,2,25.6,151.0,11.0,1
1731405506000,1,22,15.6,236.0,5.0,1
1731405507000,1,3,12.2,184.0,14.0,1
1731405507000,1,21,16.2,134.0,12.0,1
1731405507000,1,2,26.2,151.0,11.0,1
1731405507000,1,22,15.5,236.0,5.0,1
1731405508000,1,3,12.2,184.0,14.0,1
1731405508000,1,21,16.1,134.0,12.0,1
1731405508000,1,2,25.9,151.0,11.0,1
1731405508000,1,22,15.4,236.0,5.0,1
1731405509000,1,3,9.1,184.0,14.0,1
1731405509000,1,21,16.0,134.0,12.0,1
1731405509000,1,2,26.4,151.0,11.0,1
1731405509000,1,22,15.3,236.0,5.0,1
1731405510000,1,3,9.1,184.0,14.0,1
1731405510000,1,21,15.9,134.0,12.0,1
1731405510000,1,2,26.0,151.0,11.0,1
1731405510000,1,22,15.3,236.0,5.0,1
1731405511000,1,3,9.1,184.0,14.0,1
1731405511000,1,21,15.8,134.0,12.0,1
1731405511000,1,2,27.5,151.0,11.0,1
1731405511000,1,22,15.2,236.0,5.0,1
1731405512000,1,21,15.7,134.0,12.0,1
1731405512000,1,2,26.8,151.0,11.0,1
1731405512000,1,22,13.2,236.0,5.0,1
1731405513000,1,8,18.2,77.0,56.0,1
1731405513000,1,21,14.6,134.0,12.0,1
1731405513000,1,2,23.9,151.0,11.0,1
1731405513000,1,22,13.2,236.0,5.0,1
1731405514000,1,8,20.5,77.0,56.0,1
1731405514000,1,21,14.6,134.0,12.0,1
1731405514000,1,2,23.8,151.0,11.0,1
1731405514000,1,22,13.2,236.0,5.0,1
1731405515000,1,8,21.1,77.0,56.0,1
1731405515000,1,21,14.6,134.0,12.0,1
1731405515000,1,2,23.8,151.0,11.0,1
1731405515000,1,22,13.9,236.0,5.0,1
1731405516000,1,8,19.9,77.0,56.0,1
1731405516000,1,21,17.0,134.0,12.0,1
1731405516000,1,2,23.8,151.0,11.0,1
1731405516000,1,22,13.9,236.0,5.0,1
1731405517000,1,8,19.9,77.0,56.0,1
1731405517000,1,21,17.0,134.0,12.0,1
1731405517000,1,2,24.3,151.0,11.0,1
1731405517000,1,22,13.9,236.0,5.0,1
1731405518000,1,8,19.9,77.0,56.0,1
1731405518000,1,21,12.6,134.0,12.0,1
1731405518000,1,2,23.4,151.0,11.0,1
1731405518000,1,22,13.9,236.0,5.0,1
1731405519000,1,8,19.9,77.0,56.0,1
1731405519000,1,3,16.9,184.0,14.0,1
1731405519000,1,21,12.6,134.0,12.0,1
1731405519000,1,2,23.0,151.0,11.0,1
1731405519000,1,22,13.9,236.0,5.0,1
1731405520000,1,8,19.9,77.0,56.0,1
1731405520000,1,3,16.9,184.0,14.0,1
1731405520000,1,21,12.6,134.0,12.0,1
1731405520000,1,2,23.5,151.0,11.0,1
1731405520000,1,22,14.3,236.0,5.0,1
1731405521000,1,8,19.9,77.0,56.0,1
1731405521000,1,3,20.2,184.0,14.0,1
1731405521000,1,21,12.7,134.0,12.0,1
1731405521000,1,2,23.5,151.0,11.0,1
1731405521000,1,22,14.3,236.0,5.0,1
1731405522000,1,8,20.0,77.0,56.0,1
1731405522000,1,3,20.5,184.0,14.0,1
1731405522000,1,21,12.8,134.0,12.0,1
1731405522000,1,2,23.5,151.0,11.0,1
1731405522000,1,22,13.1,236.0,5.0,1
1731405523000,1,8,20.0,77.0,56.0,1
1731405523000,1,3,21.0,184.0,14.0,1
1731405523000,1,21,12.8,134.0,12.0,1
1731405523000,1,2,23.4,151.0,11.0,1
1731405523000,1,22,13.1,236.0,5.0,1
1731405524000,1,8,20.1,77.0,56.0,1
1731405524000,1,3,21.0,184.0,14.0,1
1731405524000,1,21,14.8,134.0,12.0,1
1731405524000,1,2,23.5,151.0,11.0,1
1731405524000,1,22,13.1,236.0,5.0,1
1731405525000,1,8,20.1,77.0,56.0,1
1731405525000,1,3,21.0,184.0,14.0,1
1731405525000,1,21,14.8,134.0,12.0,1
1731405525000,1,2,23.5,151.0,11.0,1
1731405525000,1,22,13.1,236.0,5.0,1
1731405526000,1,8,20.1,77.0,56.0,1
1731405526000,1,3,21.0,184.0,14.0,1
1731405526000,1,21,13.1,134.0,12.0,1
1731405526000,1,2,23.4,151.0,11.0,1
1731405526000,1,22,13.1,236.0,5.0,1
1731405527000,1,8,20.0,77.0,56.0,1
1731405527000,1,14,14.2,248.0,22.0,1
1731405527000,1,3,20.9,184.0,14.0,1
1731405527000,1,21,13.1,134.0,12.0,1
1731405527000,1,2,20.6,151.0,11.0,1
1731405527000,1,22,13.1,236.0,5.0,1
1731405528000,1,8,19.9,77.0,56.0,1
1731405528000,1,14,14.2,248.0,22.0,1
1731405528000,1,3,20.9,184.0,14.0,1
1731405528000,1,21,13.1,134.0,12.0,1
1731405528000,1,2,20.6,151.0,11.0,1
1731405528000,1,22,13.7,236.0,5.0,1
1731405529000,1,8,19.9,77.0,56.0,1
1731405529000,1,14,14.2,248.0,22.0,1
1731405529000,1,3,20.9,184.0,14.0,1
1731405529000,1,21,12.6,134.0,12.0,1
1731405529000,1,2,20.6,151.0,11.0,1
1731405529000,1,22,13.7,236.0,5.0,1
1731405530000,1,8,19.8,77.0,56.0,1
1731405530000,1,14,14.2,248.0,22.0,1
1731405530000,1,3,20.9,184.0,14.0,1
1731405530000,1,21,12.6,134.0,12.0,1
1731405530000,1,2,20.7,151.0,11.0,1
1731405531000,1,8,19.7,77.0,56.0,1
1731405531000,1,14,14.2,248.0,22.0,1
1731405531000,1,3,20.9,184.0,14.0,1
1731405531000,1,21,13.2,134.0,12.0,1
1731405531000,1,2,20.7,151.0,11.0,1
1731405532000,1,8,19.7,77.0,56.0,1
1731405532000,1,14,12.7,248.0,22.0,1
1731405532000,1,3,20.8,184.0,14.0,1
1731405532000,1,21,13.2,134.0,12.0,1
1731405532000,1,2,20.7,151.0,11.0,1
1731405533000,1,8,19.7,77.0,56.0,1
1731405533000,1,14,12.7,248.0,22.0,1
1731405533000,1,3,20.8,184.0,14.0,1
1731405533000,1,21,13.2,134.0,12.0,1
1731405533000,1,2,20.7,151.0,11.0,1
1731405533000,1,22,13.6,236.0,5.0,1
1731405534000,1,8,14.4,77.0,56.0,1
1731405534000,1,14,12.7,248.0,22.0,1
1731405534000,1,3,20.7,184.0,14.0,1
1731405534000,1,21,11.2,134.0,12.0,1
1731405534000,1,2,20.6,151.0,11.0,1
1731405534000,1,22,13.6,236.0,5.0,1
1731405535000,1,8,17.7,77.0,56.0,1
1731405535000,1,3,20.7,184.0,14.0,1
1731405535000,1,21,11.2,134.0,12.0,1
1731405535000,1,2,20.5,151.0,11.0,1
1731405535000,1,22,16.8,236.0,5.0,1
1731405536000,1,8,17.8,77.0,56.0,1
1731405536000,1,3,20.7,184.0,14.0,1
1731405536000,1,2,20.4,151.0,11.0,1
1731405536000,1,22,16.8,236.0,5.0,1
1731405537000,1,8,17.8,77.0,56.0,1
1731405537000,1,3,20.6,184.0,14.0,1
1731405537000,1,2,25.6,151.0,11.0,1
1731405537000,1,22,16.8,236.0,5.0,1
1731405538000,1,8,17.9,77.0,56.0,1
1731405538000,1,3,20.5,184.0,14.0,1
1731405538000,1,2,25.6,151.0,11.0,1
1731405538000,1,22,16.8,236.0,5.0,1
1731405539000,1,8,17.9,77.0,56.0,1
1731405539000,1,2,25.6,151.0,11.0,1
1731405539000,1,22,16.8,236.0,5.0,1
1731405540000,1,8,18.0,77.0,56.0,1
1731405540000,1,2,25.6,151.0,11.0,1
1731405540000,1,22,16.7,236.0,5.0,1
1731405541000,1,8,20.6,77.0,56.0,1
1731405541000,1,2,21.4,151.0,11.0,1
1731405541000,1,22,16.5,236.0,5.0,1
1731405542000,1,8,20.5,77.0,56.0,1
1731405542000,1,3,16.8,184.0,14.0,1
1731405542000,1,2,21.4,151.0,11.0,1
1731405542000,1,22,16.4,236.0,5.0,1
1731405543000,1,8,20.5,77.0,56.0,1
1731405543000,1,3,16.8,184.0,14.0,1
1731405543000,1,2,21.4,151.0,11.0,1
1731405543000,1,22,16.6,236.0,5.0,1
1731405544000,1,8,20.5,77.0,56.0,1
1731405544000,1,3,16.7,184.0,14.0,1
1731405544000,1,2,21.5,151.0,11.0,1
1731405544000,1,22,16.7,236.0,5.0,1
1731405545000,1,8,20.5,77.0,56.0,1
1731405545000,1,3,16.6,184.0,14.0,1
1731405545000,1,2,21.6,151.0,11.0,1
1731405545000,1,22,16.8,236.0,5.0,1
1731405546000,1,8,20.5,77.0,56.0,1
1731405546000,1,3,20.0,184.0,14.0,1
1731405546000,1,2,21.6,151.0,11.0,1
1731405546000,1,22,16.8,236.0,5.0,1
1731405547000,1,8,20.5,77.0,56.0,1
1731405547000,1,3,20.1,184.0,14.0,1
1731405547000,1,2,24.2,151.0,11.0,1
1731405547000,1,22,16.8,236.0,5.0,1
1731405548000,1,8,20.6,77.0,56.0,1
1731405548000,1,3,20.2,184.0,14.0,1
1731405548000,1,2,24.1,151.0,11.0,1
1731405548000,1,22,13.6,236.0,5.0,1
1731405549000,1,8,20.6,77.0,56.0,1
1731405549000,1,3,20.3,184.0,14.0,1
1731405549000,1,2,24.2,151.0,11.0,1
1731405549000,1,22,13.6,236.0,5.0,1
1731405550000,1,8,20.7,77.0,56.0,1
1731405550000,1,3,20.3,184.0,14.0,1
1731405550000,1,2,24.2,151.0,11.0,1
1731405550000,1,22,13.6,236.0,5.0,1
1731405551000,1,8,20.7,77.0,56.0,1
1731405551000,1,3,20.3,184.0,14.0,1
1731405551000,1,2,24.2,151.0,11.0,1
1731405551000,1,22,13.6,236.0,5.0,1
1731405552000,1,8,20.7,77.0,56.0,1
1731405552000,1,3,20.4,184.0,14.0,1
1731405552000,1,2,24.2,151.0,11.0,1
1731405552000,1,22,13.6,236.0,5.0,1
1731405553000,1,8,20.7,77.0,56.0,1
1731405553000,1,3,20.4,184.0,14.0,1
1731405553000,1,2,24.1,151.0,11.0,1
1731405553000,1,22,16.6,236.0,5.0,1
1731405554000,1,8,20.7,77.0,56.0,1
1731405554000,1,3,20.5,184.0,14.0,1
1731405554000,1,2,24.0,151.0,11.0,1
1731405554000,1,22,16.6,236.0,5.0,1
1731405555000,1,8,20.7,77.0,56.0,1
1731405555000,1,3,20.5,184.0,14.0,1
1731405555000,1,2,21.4,151.0,11.0,1
1731405555000,1,22,16.6,236.0,5.0,1
1731405556000,1,8,20.6,77.0,56.0,1
1731405556000,1,3,20.6,184.0,14.0,1
1731405556000,1,2,21.4,151.0,11.0,1
1731405556000,1,22,16.7,236.0,5.0,1
1731405557000,1,8,17.9,77.0,56.0,1
1731405557000,1,3,23.6,184.0,14.0,1
1731405557000,1,2,21.3,151.0,11.0,1
1731405557000,1,22,16.8,236.0,5.0,1
1731405558000,1,8,17.9,77.0,56.0,1
1731405558000,1,3,23.6,184.0,14.0,1
1731405558000,1,2,21.3,151.0,11.0,1
1731405558000,1,22,12.9,236.0,5.0,1
1731405559000,1,8,17.9,77.0,56.0,1
1731405559000,1,3,23.6,184.0,14.0,1
1731405559000,1,2,21.2,151.0,11.0,1
1731405559000,1,22,12.9,236.0,5.0,1
1731405560000,1,8,17.3,77.0,56.0,1
1731405560000,1,3,23.6,184.0,14.0,1
1731405560000,1,2,21.1,151.0,11.0,1
1731405560000,1,22,12.9,236.0,5.0,1
1731405561000,1,8,17.3,77.0,56.0,1
1731405561000,1,3,23.5,184.0,14.0,1
1731405561000,1,2,21.1,151.0,11.0,1
1731405561000,1,22,14.8,236.0,5.0,1
1731405562000,1,8,14.4,77.0,56.0,1
1731405562000,1,3,23.5,184.0,14.0,1
1731405562000,1,2,21.1,151.0,11.0,1
1731405562000,1,22,14.8,236.0,5.0,1
1731405563000,1,8,14.4,77.0,56.0,1
1731405563000,1,3,23.5,184.0,14.0,1
1731405563000,1,2,21.0,151.0,11.0,1
1731405563000,1,22,14.9,236.0,5.0,1
1731405564000,1,8,14.4,77.0,56.0,1
1731405564000,1,3,23.5,184.0,14.0,1
1731405564000,1,2,21.0,151.0,11.0,1
1731405564000,1,22,14.9,236.0,5.0,1
1731405565000,1,3,23.5,184.0,14.0,1
1731405565000,1,2,20.9,151.0,11.0,1
1731405565000,1,22,15.0,236.0,5.0,1
1731405566000,1,3,23.4,184.0,14.0,1
1731405566000,1,2,20.8,151.0,11.0,1
1731405566000,1,22,15.0,236.0,5.0,1
1731405567000,1,3,23.3,184.0,14.0,1
1731405567000,1,2,20.8,151.0,11.0,1
1731405567000,1,22,15.0,236.0,5.0,1
1731405568000,1,3,23.3,184.0,14.0,1
1731405568000,1,2,20.8,151.0,11.0,1
1731405568000,1,22,15.0,236.0,5.0,1
1731405569000,1,3,23.2,184.0,14.0,1
1731405569000,1,2,20.8,151.0,11.0,1
1731405569000,1,22,14.9,236.0,5.0,1
1731405570000,1,3,23.2,184.0,14.0,1
1731405570000,1,2,20.8,151.0,11.0,1
1731405570000,1,22,14.9,236.0,5.0,1
1731405571000,1,3,21.9,184.0,14.0,1
1731405571000,1,2,20.8,151.0,11.0,1
1731405571000,1,22,12.3,236.0,5.0,1
1731405572000,1,3,21.3,184.0,14.0,1
1731405572000,1,2,20.8,151.0,11.0,1
1731405572000,1,22,12.3,236.0,5.0,1
1731405573000,1,3,21.5,184.0,14.0,1
1731405573000,1,2,20.7,151.0,11.0,1
1731405573000,1,22,12.3,236.0,5.0,1
1731405574000,1,3,20.1,184.0,14.0,1
1731405574000,1,2,20.6,151.0,11.0,1
1731405574000,1,22,12.7,236.0,5.0,1
1731405575000,1,3,22.2,184.0,14.0,1
1731405575000,1,2,20.5,151.0,11.0,1
1731405575000,1,22,12.7,236.0,5.0,1
1731405576000,1,3,21.5,184.0,14.0,1
1731405576000,1,2,18.0,151.0,11.0,1
1731405576000,1,22,13.4,236.0,5.0,1
1731405577000,1,3,21.5,184.0,14.0,1
1731405577000,1,2,18.0,151.0,11.0,1
1731405577000,1,22,13.4,236.0,5.0,1
1731405578000,1,3,21.5,184.0,14.0,1
1731405578000,1,2,18.1,151.0,11.0,1
1731405578000,1,22,13.4,236.0,5.0,1
1731405579000,1,3,21.4,184.0,14.0,1
1731405579000,1,2,18.2,151.0,11.0,1
1731405579000,1,22,12.5,236.0,5.0,1
1731405580000,1,3,21.4,184.0,14.0,1
1731405580000,1,2,18.2,151.0,11.0,1
1731405580000,1,22,12.5,236.0,5.0,1
1731405581000,1,3,21.4,184.0,14.0,1
1731405581000,1,2,18.2,151.0,11.0,1
1731405582000,1,3,21.3,184.0,14.0,1
1731405582000,1,2,18.3,151.0,11.0,1
1731405583000,1,3,21.2,184.0,14.0,1
1731405583000,1,2,22.7,151.0,11.0,1
1731405584000,1,3,18.6,184.0,14.0,1
1731405584000,1,2,22.6,151.0,11.0,1
1731405585000,1,3,18.6,184.0,14.0,1
1731405585000,1,2,22.6,151.0,11.0,1
1731405586000,1,3,18.6,184.0,14.0,1
1731405586000,1,2,22.5,151.0,11.0,1
1731405587000,1,3,18.6,184.0,14.0,1
1731405587000,1,2,22.4,151.0,11.0,1
1731405588000,1,3,18.7,184.0,14.0,1
1731405588000,1,2,22.3,151.0,11.0,1
1731405589000,1,3,18.7,184.0,14.0,1
1731405589000,1,2,22.2,150.0,12.0,1
1731405589000,1,22,13.7,236.0,5.0,1
1731405590000,1,3,18.7,183.0,13.0,1
1731405590000,1,2,22.3,150.0,12.0,1
1731405590000,1,22,13.7,236.0,5.0,1
1731405591000,1,3,18.8,183.0,13.0,1
1731405591000,1,2,25.3,150.0,12.0,1
1731405591000,1,22,13.7,236.0,5.0,1
1731405592000,1,3,18.9,183.0,13.0,1
1731405592000,1,2,24.4,150.0,12.0,1
1731405592000,1,22,13.8,236.0,5.0,1
1731405593000,1,3,18.9,183.0,13.0,1
1731405593000,1,2,20.2,150.0,12.0,1
1731405593000,1,22,13.8,236.0,5.0,1
1731405594000,1,3,18.9,183.0,13.0,1
1731405594000,1,2,20.9,150.0,12.0,1
1731405594000,1,22,13.8,236.0,5.0,1
1731405595000,1,3,18.3,183.0,13.0,1
1731405595000,1,2,20.9,150.0,12.0,1
1731405595000,1,22,13.8,236.0,5.0,1
1731405596000,1,3,18.3,183.0,13.0,1
1731405596000,1,2,11.9,150.0,12.0,1
1731405596000,1,22,13.8,236.0,5.0,1
1731405597000,1,3,18.2,183.0,13.0,1
1731405597000,1,2,11.9,150.0,12.0,1
1731405597000,1,22,13.9,236.0,5.0,1
1731405598000,1,3,18.3,183.0,13.0,1
1731405598000,1,2,11.9,150.0,12.0,1
1731405598000,1,22,14.1,236.0,5.0,1
1731405599000,1,3,18.4,183.0,13.0,1
1731405599000,1,2,12.0,150.0,12.0,1
1731405599000,1,22,14.2,236.0,5.0,1
1731405600000,1,3,18.5,183.0,13.0,1
1731405600000,1,2,12.1,150.0,12.0,1
1731405600000,1,22,14.2,236.0,5.0,1
1731405601000,1,27,14.8,49.0,27.0,1
1731405601000,1,3,18.6,183.0,13.0,1
1731405601000,1,2,12.1,150.0,12.0,1
1731405601000,1,22,14.3,236.0,5.0,1
1731405602000,1,27,14.8,49.0,27.0,1
1731405602000,1,3,18.6,183.0,13.0,1
1731405602000,1,2,15.8,150.0,12.0,1
1731405602000,1,22,14.4,236.0,5.0,1
1731405603000,1,27,14.8,49.0,27.0,1
1731405603000,1,3,18.7,183.0,13.0,1
1731405603000,1,2,15.8,150.0,12.0,1
1731405603000,1,22,14.5,236.0,5.0,1
1731405604000,1,27,14.8,49.0,27.0,1
1731405604000,1,3,18.8,183.0,13.0,1
1731405604000,1,2,15.9,150.0,12.0,1
1731405604000,1,22,14.6,236.0,5.0,1
1731405605000,1,27,14.8,49.0,27.0,1
1731405605000,1,3,18.9,183.0,13.0,1
1731405605000,1,2,16.0,150.0,12.0,1
1731405605000,1,22,14.6,236.0,5.0,1
1731405606000,1,27,17.6,49.0,27.0,1
1731405606000,1,3,18.9,183.0,13.0,1
1731405606000,1,2,16.1,150.0,12.0,1
1731405606000,1,22,14.5,236.0,5.0,1
1731405607000,1,27,17.6,49.0,27.0,1
1731405607000,1,3,18.9,183.0,13.0,1
1731405607000,1,2,16.2,150.0,12.0,1
1731405607000,1,22,14.5,236.0,5.0,1
1731405608000,1,27,17.6,49.0,27.0,1
1731405608000,1,3,18.9,183.0,13.0,1
1731405608000,1,2,16.2,150.0,12.0,1
1731405608000,1,22,14.5,236.0,5.0,1
1731405609000,1,27,14.6,49.0,27.0,1
1731405609000,1,3,19.0,183.0,13.0,1
1731405609000,1,2,16.3,150.0,12.0,1
1731405609000,1,22,14.4,237.0,6.0,1
1731405610000,1,27,14.6,49.0,27.0,1
1731405610000,1,3,19.0,183.0,13.0,1
1731405610000,1,2,16.4,150.0,12.0,1
1731405610000,1,22,17.1,237.0,6.0,1
1731405611000,1,27,14.6,49.0,27.0,1
1731405611000,1,3,19.1,183.0,13.0,1
1731405611000,1,2,16.3,150.0,12.0,1
1731405611000,1,22,17.1,237.0,6.0,1
1731405612000,1,27,14.6,49.0,27.0,1
1731405612000,1,3,19.1,183.0,13.0,1
1731405612000,1,2,16.2,150.0,12.0,1
1731405612000,1,22,17.1,237.0,6.0,1
1731405613000,1,27,14.5,49.0,27.0,1
1731405613000,1,3,19.2,183.0,13.0,1
1731405613000,1,2,16.2,150.0,12.0,1
1731405613000,1,22,17.0,237.0,6.0,1
1731405614000,1,27,13.1,48.0,26.0,1
1731405614000,1,3,19.2,183.0,13.0,1
1731405614000,1,2,21.7,150.0,12.0,1
1731405614000,1,22,17.0,237.0,6.0,1
1731405615000,1,27,13.1,48.0,26.0,1
1731405615000,1,3,19.2,183.0,13.0,1
1731405615000,1,2,21.7,150.0,12.0,1
1731405615000,1,22,16.9,237.0,6.0,1
1731405616000,1,27,13.1,48.0,26.0,1
1731405616000,1,3,19.3,183.0,13.0,1
1731405616000,1,2,21.6,150.0,12.0,1
1731405616000,1,22,16.8,237.0,6.0,1
1731405617000,1,3,19.2,183.0,13.0,1
1731405617000,1,2,21.5,150.0,12.0,1
1731405617000,1,22,16.8,237.0,6.0,1
1731405618000,1,27,17.5,48.0,26.0,1
1731405618000,1,3,19.1,183.0,13.0,1
1731405618000,1,2,18.4,150.0,12.0,1
1731405618000,1,22,16.8,237.0,6.0,1
1731405619000,1,27,17.5,48.0,26.0,1
1731405619000,1,3,19.0,183.0,13.0,1
1731405619000,1,2,18.4,150.0,12.0,1
1731405619000,1,22,16.8,237.0,6.0,1
1731405620000,1,27,17.5,48.0,26.0,1
1731405620000,1,3,18.9,183.0,13.0,1
1731405620000,1,2,18.4,150.0,12.0,1
1731405620000,1,22,16.8,237.0,6.0,1
1731405621000,1,27,14.2,48.0,26.0,1
1731405621000,1,3,18.8,183.0,13.0,1
1731405621000,1,2,14.5,150.0,12.0,1
1731405621000,1,22,16.7,237.0,6.0,1
1731405622000,1,27,14.2,48.0,26.0,1
1731405622000,1,3,13.6,183.0,13.0,1
1731405622000,1,2,14.5,150.0,12.0,1
1731405622000,1,22,16.7,237.0,6.0,1
1731405623000,1,3,18.8,183.0,13.0,1
1731405623000,1,2,12.5,150.0,12.0,1
1731405623000,1,22,16.7,237.0,6.0,1
1731405624000,1,3,18.8,183.0,13.0,1
1731405624000,1,2,12.5,150.0,12.0,1
1731405624000,1,22,16.6,237.0,6.0,1
1731405625000,1,3,17.9,183.0,13.0,1
1731405625000,1,2,12.5,150.0,12.0,1
1731405625000,1,22,16.7,237.0,6.0,1
1731405626000,1,3,17.9,183.0,13.0,1
1731405626000,1,2,12.0,150.0,12.0,1
1731405626000,1,22,16.8,237.0,6.0,1
1731405627000,1,3,17.8,183.0,13.0,1
1731405627000,1,2,12.0,150.0,12.0,1
1731405627000,1,22,16.8,237.0,6.0,1
1731405628000,1,3,17.8,183.0,13.0,1
1731405628000,1,2,12.0,150.0,12.0,1
1731405628000,1,22,11.5,237.0,6.0,1
1731405629000,1,3,17.8,183.0,13.0,1
1731405629000,1,2,14.5,150.0,12.0,1
1731405629000,1,22,11.5,237.0,6.0,1
1731405630000,1,3,17.8,183.0,13.0,1
1731405630000,1,2,14.5,150.0,12.0,1
1731405630000,1,22,14.9,237.0,6.0,1
1731405631000,1,3,17.7,183.0,13.0,1
1731405631000,1,2,14.5,150.0,12.0,1
1731405631000,1,22,14.9,237.0,6.0,1
1731405632000,1,3,17.7,183.0,13.0,1
1731405632000,1,2,14.5,150.0,12.0,1
1731405632000,1,22,14.9,237.0,6.0,1
1731405633000,1,3,17.6,183.0,13.0,1
1731405633000,1,2,14.5,150.0,12.0,1
1731405634000,1,3,17.6,183.0,13.0,1
1731405634000,1,2,18.0,150.0,12.0,1
1731405635000,1,3,17.7,183.0,13.0,1
1731405635000,1,2,18.0,150.0,12.0,1
1731405636000,1,3,17.8,183.0,13.0,1
1731405636000,1,2,18.1,150.0,12.0,1
1731405637000,1,3,12.7,183.0,13.0,1
1731405637000,1,2,18.2,150.0,12.0,1
1731405638000,1,3,12.7,183.0,13.0,1
1731405638000,1,2,20.7,150.0,12.0,1
1731405639000,1,3,12.7,183.0,13.0,1
1731405639000,1,2,20.8,150.0,12.0,1
1731405639000,1,22,16.2,237.0,6.0,1
1731405640000,1,3,13.4,183.0,13.0,1
1731405640000,1,2,20.9,150.0,12.0,1
1731405640000,1,22,16.2,237.0,6.0,1
1731405641000,1,3,13.4,183.0,13.0,1
1731405641000,1,2,20.9,150.0,12.0,1
1731405641000,1,22,16.2,237.0,6.0,1
1731405642000,1,3,13.4,183.0,13.0,1
1731405642000,1,2,21.0,150.0,12.0,1
1731405642000,1,22,16.2,237.0,6.0,1
1731405643000,1,3,19.9,183.0,13.0,1
1731405643000,1,2,11.4,150.0,12.0,1
1731405643000,1,22,16.2,237.0,6.0,1
1731405644000,1,3,19.9,183.0,13.0,1
1731405644000,1,2,11.4,150.0,12.0,1
1731405644000,1,22,16.1,237.0,6.0,1
1731405645000,1,3,19.9,183.0,13.0,1
1731405645000,1,2,11.4,150.0,12.0,1
1731405645000,1,22,16.0,237.0,6.0,1
1731405646000,1,3,14.4,183.0,13.0,1
1731405646000,1,2,11.0,150.0,12.0,1
1731405646000,1,22,16.0,237.0,6.0,1
1731405647000,1,3,14.4,183.0,13.0,1
1731405647000,1,2,11.0,150.0,12.0,1
1731405647000,1,22,16.0,237.0,6.0,1
1731405648000,1,3,12.5,183.0,13.0,1
1731405648000,1,2,20.8,150.0,12.0,1
1731405648000,1,22,16.0,237.0,6.0,1
1731405649000,1,3,12.5,183.0,13.0,1
1731405649000,1,2,21.8,150.0,12.0,1
1731405649000,1,22,15.9,237.0,6.0,1
1731405650000,1,3,12.5,183.0,13.0,1
1731405650000,1,2,20.4,150.0,12.0,1
1731405650000,1,22,15.8,237.0,6.0,1
1731405651000,1,3,15.9,183.0,13.0,1
1731405651000,1,2,23.3,150.0,12.0,1
1731405651000,1,22,15.7,237.0,6.0,1
1731405652000,1,3,15.9,183.0,13.0,1
1731405652000,1,2,23.3,150.0,12.0,1
1731405652000,1,22,15.7,237.0,6.0,1
1731405653000,1,3,13.0,183.0,13.0,1
1731405653000,1,2,23.3,150.0,12.0,1
1731405653000,1,22,15.8,237.0,6.0,1
1731405654000,1,21,17.8,133.0,13.0,1
1731405654000,1,3,13.0,183.0,13.0,1
1731405654000,1,2,24.6,150.0,12.0,1
1731405654000,1,22,15.8,237.0,6.0,1
1731405655000,1,21,17.8,133.0,13.0,1
1731405655000,1,3,13.0,183.0,13.0,1
1731405655000,1,2,24.2,150.0,12.0,1
1731405655000,1,22,15.7,237.0,6.0,1
1731405656000,1,21,17.8,133.0,13.0,1
1731405656000,1,3,17.0,183.0,13.0,1
1731405656000,1,2,23.6,150.0,12.0,1
1731405656000,1,22,15.7,237.0,6.0,1
1731405657000,1,27,13.8,48.0,26.0,1
1731405657000,1,21,15.9,133.0,13.0,1
1731405657000,1,3,17.0,183.0,13.0,1
1731405657000,1,2,22.3,150.0,12.0,1
1731405657000,1,22,15.7,237.0,6.0,1
1731405658000,1,27,13.8,48.0,26.0,1
1731405658000,1,21,15.9,133.0,13.0,1
1731405658000,1,3,17.0,183.0,13.0,1
1731405658000,1,2,22.3,150.0,12.0,1
1731405658000,1,22,15.8,237.0,6.0,1
1731405659000,1,27,13.8,48.0,26.0,1
1731405659000,1,21,14.7,133.0,13.0,1
1731405659000,1,3,17.2,183.0,13.0,1
1731405659000,1,2,13.4,150.0,12.0,1
1731405659000,1,22,15.9,237.0,6.0,1
1731405660000,1,27,13.8,48.0,26.0,1
1731405660000,1,21,14.7,133.0,13.0,1
1731405660000,1,3,17.3,183.0,13.0,1
1731405660000,1,2,13.4,150.0,12.0,1
1731405660000,1,22,15.9,237.0,6.0,1
1731405661000,1,27,13.8,48.0,26.0,1
1731405661000,1,21,14.7,133.0,13.0,1
1731405661000,1,3,20.8,183.0,13.0,1
1731405661000,1,2,13.4,150.0,12.0,1
1731405661000,1,22,15.9,237.0,6.0,1
1731405662000,1,27,13.9,48.0,26.0,1
1731405662000,1,21,16.7,133.0,13.0,1
1731405662000,1,3,20.8,183.0,13.0,1
1731405662000,1,2,14.8,150.0,12.0,1
1731405662000,1,22,15.8,237.0,6.0,1
1731405663000,1,27,13.9,48.0,26.0,1
1731405663000,1,21,16.7,133.0,13.0,1
1731405663000,1,3,20.7,183.0,13.0,1
1731405663000,1,2,20.2,150.0,12.0,1
1731405663000,1,22,15.7,237.0,6.0,1
1731405664000,1,27,14.7,48.0,26.0,1
1731405664000,1,21,16.8,133.0,13.0,1
1731405664000,1,3,14.8,183.0,13.0,1
1731405664000,1,2,23.2,150.0,12.0,1
1731405664000,1,22,15.6,237.0,6.0,1
1731405665000,1,27,14.7,48.0,26.0,1
1731405665000,1,21,16.9,133.0,13.0,1
1731405665000,1,3,14.8,183.0,13.0,1
1731405665000,1,2,23.2,150.0,12.0,1
1731405665000,1,22,15.6,237.0,6.0,1
1731405666000,1,27,14.7,48.0,26.0,1
1731405666000,1,21,17.0,133.0,13.0,1
1731405666000,1,3,14.8,183.0,13.0,1
1731405666000,1,2,23.2,150.0,12.0,1
1731405666000,1,22,15.5,237.0,6.0,1
1731405667000,1,27,16.3,48.0,26.0,1
1731405667000,1,21,17.1,133.0,13.0,1
1731405667000,1,3,14.9,183.0,13.0,1
1731405667000,1,2,23.2,150.0,12.0,1
1731405667000,1,22,18.2,237.0,6.0,1
1731405668000,1,27,16.3,48.0,26.0,1
1731405668000,1,21,17.1,133.0,13.0,1
1731405668000,1,3,15.0,183.0,13.0,1
1731405668000,1,2,23.2,150.0,12.0,1
1731405668000,1,22,18.2,237.0,6.0,1
1731405669000,1,27,16.3,48.0,26.0,1
1731405669000,1,21,17.2,133.0,13.0,1
1731405669000,1,3,15.1,183.0,13.0,1
1731405669000,1,2,23.1,150.0,12.0,1
1731405669000,1,22,18.2,237.0,6.0,1
1731405670000,1,27,16.3,48.0,26.0,1
1731405670000,1,21,17.1,133.0,13.0,1
1731405670000,1,3,15.1,183.0,13.0,1
1731405670000,1,2,23.1,150.0,12.0,1
1731405670000,1,22,18.2,237.0,6.0,1
1731405671000,1,27,16.4,48.0,26.0,1
1731405671000,1,21,17.1,133.0,13.0,1
1731405671000,1,3,15.2,183.0,13.0,1
1731405671000,1,2,23.0,150.0,12.0,1
1731405671000,1,22,18.2,237.0,6.0,1
1731405672000,1,27,16.4,48.0,26.0,1
1731405672000,1,21,17.1,133.0,13.0,1
1731405672000,1,3,15.1,183.0,13.0,1
1731405672000,1,2,23.0,150.0,12.0,1
1731405672000,1,22,14.9,237.0,6.0,1
1731405673000,1,27,16.5,48.0,26.0,1
1731405673000,1,21,17.1,133.0,13.0,1
1731405673000,1,3,15.0,183.0,13.0,1
1731405673000,1,2,23.1,150.0,12.0,1
1731405673000,1,22,14.9,237.0,6.0,1
1731405674000,1,27,16.5,48.0,26.0,1
1731405674000,1,21,17.1,133.0,13.0,1
1731405674000,1,3,14.9,183.0,13.0,1
1731405674000,1,2,23.1,150.0,12.0,1
1731405674000,1,22,14.9,237.0,6.0,1
1731405675000,1,27,16.6,48.0,26.0,1
1731405675000,1,21,17.0,133.0,13.0,1
1731405675000,1,3,13.8,183.0,13.0,1
1731405675000,1,2,23.0,150.0,12.0,1
1731405675000,1,22,14.9,237.0,6.0,1
1731405676000,1,27,16.6,48.0,26.0,1
1731405676000,1,21,16.9,133.0,13.0,1
1731405676000,1,3,13.8,183.0,13.0,1
1731405676000,1,2,22.9,150.0,12.0,1
1731405676000,1,22,14.9,237.0,6.0,1
1731405677000,1,27,16.6,48.0,26.0,1
1731405677000,1,21,16.8,133.0,13.0,1
1731405677000,1,3,13.8,183.0,13.0,1
1731405677000,1,2,22.8,150.0,12.0,1
1731405677000,1,22,14.9,237.0,6.0,1
1731405678000,1,27,16.7,48.0,26.0,1
1731405678000,1,21,16.8,133.0,13.0,1
1731405678000,1,3,13.8,183.0,13.0,1
1731405678000,1,2,18.2,150.0,12.0,1
1731405679000,1,27,16.7,48.0,26.0,1
1731405679000,1,21,16.7,133.0,13.0,1
1731405679000,1,3,13.8,183.0,13.0,1
1731405679000,1,2,18.2,150.0,12.0,1
1731405680000,1,27,16.7,48.0,26.0,1
1731405680000,1,21,16.7,133.0,13.0,1
1731405680000,1,3,17.4,183.0,13.0,1
1731405680000,1,2,18.2,150.0,12.0,1
1731405680000,1,22,16.8,237.0,6.0,1
1731405681000,1,27,16.7,48.0,26.0,1
1731405681000,1,21,16.7,133.0,13.0,1
1731405681000,1,3,17.4,183.0,13.0,1
1731405681000,1,2,18.1,150.0,12.0,1
1731405681000,1,22,18.1,237.0,6.0,1
1731405682000,1,27,16.5,48.0,26.0,1
1731405682000,1,21,13.4,133.0,13.0,1
1731405682000,1,3,17.5,183.0,13.0,1
1731405682000,1,2,18.1,150.0,12.0,1
1731405682000,1,22,18.1,237.0,6.0,1
1731405683000,1,27,16.4,48.0,26.0,1
1731405683000,1,21,18.1,133.0,13.0,1
1731405683000,1,3,17.5,183.0,13.0,1
1731405683000,1,2,21.2,150.0,12.0,1
1731405683000,1,22,18.1,237.0,6.0,1
1731405684000,1,27,16.3,48.0,26.0,1
1731405684000,1,21,18.1,133.0,13.0,1
1731405684000,1,3,13.6,183.0,13.0,1
1731405684000,1,2,25.0,150.0,12.0,1
1731405684000,1,22,14.2,237.0,6.0,1
1731405685000,1,27,16.2,48.0,26.0,1
1731405685000,1,21,18.1,133.0,13.0,1
1731405685000,1,3,13.6,183.0,13.0,1
1731405685000,1,2,22.2,150.0,12.0,1
1731405685000,1,22,14.2,237.0,6.0,1
1731405686000,1,27,16.1,48.0,26.0,1
1731405686000,1,21,18.4,133.0,13.0,1
1731405686000,1,3,13.7,183.0,13.0,1
1731405686000,1,2,23.2,150.0,12.0,1
1731405686000,1,22,14.2,237.0,6.0,1
1731405687000,1,27,16.1,48.0,26.0,1
1731405687000,1,21,19.1,133.0,13.0,1
1731405687000,1,3,13.8,183.0,13.0,1
1731405687000,1,2,21.5,150.0,12.0,1
1731405687000,1,22,11.6,237.0,6.0,1
1731405688000,1,27,16.1,48.0,26.0,1
1731405688000,1,21,19.2,133.0,13.0,1
1731405688000,1,3,13.9,183.0,13.0,1
1731405688000,1,2,23.3,150.0,12.0,1
1731405688000,1,22,11.6,237.0,6.0,1
1731405689000,1,27,16.1,48.0,26.0,1
1731405689000,1,21,19.3,133.0,13.0,1
1731405689000,1,3,14.0,183.0,13.0,1
1731405689000,1,2,22.4,150.0,12.0,1
1731405690000,1,27,16.0,48.0,26.0,1
1731405690000,1,21,19.4,133.0,13.0,1
1731405690000,1,3,14.0,183.0,13.0,1
1731405690000,1,2,23.5,150.0,12.0,1
1731405691000,1,27,15.9,48.0,26.0,1
1731405691000,1,21,22.7,133.0,13.0,1
1731405691000,1,3,14.0,183.0,13.0,1
1731405691000,1,2,24.1,150.0,12.0,1
1731405692000,1,27,15.8,48.0,26.0,1
1731405692000,1,21,22.6,133.0,13.0,1
1731405692000,1,3,14.0,183.0,13.0,1
1731405692000,1,2,23.2,150.0,12.0,1
1731405693000,1,27,15.7,48.0,26.0,1
1731405693000,1,21,22.5,133.0,13.0,1
1731405693000,1,3,14.0,183.0,13.0,1
1731405693000,1,2,23.1,150.0,12.0,1
1731405694000,1,27,15.6,48.0,26.0,1
1731405694000,1,21,22.4,133.0,13.0,1
1731405694000,1,3,17.6,183.0,13.0,1
1731405694000,1,2,23.6,150.0,12.0,1
1731405695000,1,27,14.7,48.0,26.0,1
1731405695000,1,21,22.3,133.0,13.0,1
1731405695000,1,3,17.6,183.0,13.0,1
1731405695000,1,2,25.1,150.0,12.0,1
1731405696000,1,27,14.7,48.0,26.0,1
1731405696000,1,21,19.2,133.0,13.0,1
1731405696000,1,3,17.6,183.0,13.0,1
1731405696000,1,2,24.1,150.0,12.0,1
1731405697000,1,27,14.7,48.0,26.0,1
1731405697000,1,21,19.2,133.0,13.0,1
1731405697000,1,3,17.6,183.0,13.0,1
1731405697000,1,2,24.1,150.0,12.0,1
1731405698000,1,27,14.0,48.0,26.0,1
1731405698000,1,21,19.2,133.0,13.0,1
1731405698000,1,3,17.6,183.0,13.0,1
1731405698000,1,2,20.6,150.0,12.0,1
1731405699000,1,27,14.0,48.0,26.0,1
1731405699000,1,21,19.1,133.0,13.0,1
1731405699000,1,3,17.5,183.0,13.0,1
1731405699000,1,2,20.6,150.0,12.0,1
1731405700000,1,27,13.1,48.0,26.0,1
1731405700000,1,21,19.2,133.0,13.0,1
1731405700000,1,3,17.6,183.0,13.0,1
1731405700000,1,2,20.6,150.0,12.0,1
1731405701000,1,27,13.1,48.0,26.0,1
1731405701000,1,21,19.3,133.0,13.0,1
1731405701000,1,3,17.7,183.0,13.0,1
1731405701000,1,2,20.6,150.0,12.0,1
1731405702000,1,27,13.1,48.0,26.0,1
1731405702000,1,21,19.4,133.0,13.0,1
1731405702000,1,3,17.7,183.0,13.0,1
1731405702000,1,2,20.7,150.0,12.0,1
1731405703000,1,27,11.3,48.0,26.0,1
1731405703000,1,21,19.5,133.0,13.0,1
1731405703000,1,3,17.8,183.0,13.0,1
1731405703000,1,2,25.3,150.0,12.0,1
1731405704000,1,27,11.3,48.0,26.0,1
1731405704000,1,21,22.1,133.0,13.0,1
1731405704000,1,3,17.7,183.0,13.0,1
1731405704000,1,2,25.3,150.0,12.0,1
1731405705000,1,27,12.8,48.0,26.0,1
1731405705000,1,21,22.1,133.0,13.0,1
1731405705000,1,3,17.8,183.0,13.0,1
1731405705000,1,2,25.2,150.0,12.0,1
1731405706000,1,27,12.8,48.0,26.0,1
1731405706000,1,21,22.1,133.0,13.0,1
1731405706000,1,3,17.9,183.0,13.0,1
1731405706000,1,2,25.7,150.0,12.0,1
1731405707000,1,27,12.8,48.0,26.0,1
1731405707000,1,21,22.0,133.0,13.0,1
1731405707000,1,3,18.0,183.0,13.0,1
1731405707000,1,2,26.6,150.0,12.0,1
1731405708000,1,27,12.9,48.0,26.0,1
1731405708000,1,21,22.0,133.0,13.0,1
1731405708000,1,3,18.1,183.0,13.0,1
1731405708000,1,2,25.3,150.0,12.0,1
1731405709000,1,27,12.9,48.0,26.0,1
1731405709000,1,21,21.9,133.0,13.0,1
1731405709000,1,3,18.1,183.0,13.0,1
1731405709000,1,2,25.4,150.0,12.0,1
1731405709000,1,22,17.2,237.0,6.0,1
1731405710000,1,27,13.0,48.0,26.0,1
1731405710000,1,21,21.8,133.0,13.0,1
1731405710000,1,3,18.2,183.0,13.0,1
1731405710000,1,2,24.2,150.0,12.0,1
1731405710000,1,22,18.1,237.0,6.0,1
1731405711000,1,27,13.7,48.0,26.0,1
1731405711000,1,21,21.7,133.0,13.0,1
1731405711000,1,3,18.2,183.0,13.0,1
1731405711000,1,2,25.9,150.0,12.0,1
1731405711000,1,22,18.1,237.0,6.0,1
1731405712000,1,27,13.7,48.0,26.0,1
1731405712000,1,21,18.8,133.0,13.0,1
1731405712000,1,3,18.3,183.0,13.0,1
1731405712000,1,2,25.7,150.0,12.0,1
1731405712000,1,22,19.0,237.0,6.0,1
1731405713000,1,27,14.4,48.0,26.0,1
1731405713000,1,21,18.8,133.0,13.0,1
1731405713000,1,3,18.4,183.0,13.0,1
1731405713000,1,2,26.2,150.0,12.0,1
1731405713000,1,22,19.0,237.0,6.0,1
1731405714000,1,27,14.4,48.0,26.0,1
1731405714000,1,21,18.9,133.0,13.0,1
1731405714000,1,3,18.4,183.0,13.0,1
1731405714000,1,2,27.2,150.0,12.0,1
1731405714000,1,22,19.0,237.0,6.0,1
1731405715000,1,27,14.4,48.0,26.0,1
1731405715000,1,21,18.9,133.0,13.0,1
1731405715000,1,3,18.5,183.0,13.0,1
1731405715000,1,2,25.9,150.0,12.0,1
1731405715000,1,22,19.0,237.0,6.0,1
1731405716000,1,4,14.8,138.0,65.0,1
1731405716000,1,21,19.0,133.0,13.0,1
1731405716000,1,3,18.6,183.0,13.0,1
1731405716000,1,2,23.2,150.0,12.0,1
1731405716000,1,22,18.9,237.0,6.0,1
1731405717000,1,4,14.8,138.0,65.0,1
1731405717000,1,21,19.1,133.0,13.0,1
1731405717000,1,3,18.6,183.0,13.0,1
1731405717000,1,2,25.2,150.0,12.0,1
1731405717000,1,22,18.9,237.0,6.0,1
1731405718000,1,4,14.8,138.0,65.0,1
1731405718000,1,27,13.6,48.0,26.0,1
1731405718000,1,21,19.0,133.0,13.0,1
1731405718000,1,3,18.6,183.0,13.0,1
1731405718000,1,2,21.8,150.0,12.0,1
1731405718000,1,22,18.9,237.0,6.0,1
1731405719000,1,4,14.8,138.0,65.0,1
1731405719000,1,27,13.6,48.0,26.0,1
1731405719000,1,21,19.0,133.0,13.0,1
1731405719000,1,3,18.6,183.0,13.0,1
1731405719000,1,2,21.8,150.0,12.0,1
1731405719000,1,22,18.9,237.0,6.0,1
1731405720000,1,4,14.8,138.0,65.0,1
1731405720000,1,27,13.6,48.0,26.0,1
1731405720000,1,21,18.9,133.0,13.0,1
1731405720000,1,3,18.7,183.0,13.0,1
1731405720000,1,2,21.8,150.0,12.0,1
1731405720000,1,22,18.8,237.0,6.0,1
1731405721000,1,4,14.7,138.0,65.0,1
1731405721000,1,21,18.8,133.0,13.0,1
1731405721000,1,3,18.7,183.0,13.0,1
1731405721000,1,2,21.9,150.0,12.0,1
1731405721000,1,22,18.8,237.0,6.0,1
1731405722000,1,4,14.6,138.0,65.0,1
1731405722000,1,21,18.8,133.0,13.0,1
1731405722000,1,3,18.8,183.0,13.0,1
1731405722000,1,2,21.9,150.0,12.0,1
1731405722000,1,22,18.8,237.0,6.0,1
1731405723000,1,4,14.5,138.0,65.0,1
1731405723000,1,21,18.7,133.0,13.0,1
1731405723000,1,3,18.9,183.0,13.0,1
1731405723000,1,2,26.3,150.0,12.0,1
1731405723000,1,22,18.8,237.0,6.0,1
1731405724000,1,4,13.5,138.0,65.0,1
1731405724000,1,21,18.6,133.0,13.0,1
1731405724000,1,3,18.9,183.0,13.0,1
1731405724000,1,2,26.2,150.0,12.0,1
1731405724000,1,22,18.8,237.0,6.0,1
1731405725000,1,4,13.5,138.0,65.0,1
1731405725000,1,21,18.5,133.0,13.0,1
1731405725000,1,3,19.0,183.0,13.0,1
1731405725000,1,2,21.4,150.0,12.0,1
1731405725000,1,22,18.7,237.0,6.0,1
1731405726000,1,21,18.5,133.0,13.0,1
1731405726000,1,3,19.1,183.0,13.0,1
1731405726000,1,2,21.4,150.0,12.0,1
1731405726000,1,22,18.6,237.0,6.0,1
1731405727000,1,21,18.4,133.0,13.0,1
1731405727000,1,3,19.2,183.0,13.0,1
1731405727000,1,2,21.4,150.0,12.0,1
1731405727000,1,22,18.5,237.0,6.0,1
1731405728000,1,21,18.4,133.0,13.0,1
1731405728000,1,3,19.2,183.0,13.0,1
1731405728000,1,2,21.3,150.0,12.0,1
1731405728000,1,22,18.4,237.0,6.0,1
1731405729000,1,21,18.4,133.0,13.0,1
1731405729000,1,3,19.3,183.0,13.0,1
1731405729000,1,2,21.3,150.0,12.0,1
1731405729000,1,22,18.3,237.0,6.0,1
1731405730000,1,21,18.4,133.0,13.0,1
1731405730000,1,3,19.4,183.0,13.0,1
1731405730000,1,2,21.2,150.0,12.0,1
1731405730000,1,22,14.9,237.0,6.0,1
1731405731000,1,21,18.4,133.0,13.0,1
1731405731000,1,3,19.5,183.0,13.0,1
1731405731000,1,2,21.1,150.0,12.0,1
1731405731000,1,22,14.9,237.0,6.0,1
1731405732000,1,21,18.4,133.0,13.0,1
1731405732000,1,3,19.6,183.0,13.0,1
1731405732000,1,2,21.1,150.0,12.0,1
1731405732000,1,22,14.9,237.0,6.0,1
1731405733000,1,21,18.5,133.0,13.0,1
1731405733000,1,3,19.7,183.0,13.0,1
1731405733000,1,2,21.1,150.0,12.0,1
1731405733000,1,22,13.8,237.0,6.0,1
1731405734000,1,21,18.5,133.0,13.0,1
1731405734000,1,3,19.7,183.0,13.0,1
1731405734000,1,2,21.1,150.0,12.0,1
1731405734000,1,22,13.8,237.0,6.0,1
1731405735000,1,21,18.6,133.0,13.0,1
1731405735000,1,3,19.8,183.0,13.0,1
1731405735000,1,2,21.1,150.0,12.0,1
1731405735000,1,22,16.2,237.0,6.0,1
1731405736000,1,21,18.5,133.0,13.0,1
1731405736000,1,3,19.8,183.0,13.0,1
1731405736000,1,2,21.1,150.0,12.0,1
1731405736000,1,22,16.2,237.0,6.0,1
1731405737000,1,21,18.4,133.0,13.0,1
1731405737000,1,3,19.9,183.0,13.0,1
1731405737000,1,2,21.1,150.0,12.0,1
1731405737000,1,22,16.2,237.0,6.0,1
1731405738000,1,21,18.4,133.0,13.0,1
1731405738000,1,3,19.9,183.0,13.0,1
1731405738000,1,2,21.1,150.0,12.0,1
1731405738000,1,22,12.9,237.0,6.0,1
1731405739000,1,21,18.4,133.0,13.0,1
1731405739000,1,3,19.9,183.0,13.0,1
1731405739000,1,2,21.1,150.0,12.0,1
1731405739000,1,22,12.9,237.0,6.0,1
1731405740000,1,21,18.2,133.0,13.0,1
1731405740000,1,3,19.8,183.0,13.0,1
1731405740000,1,2,21.1,150.0,12.0,1
1731405740000,1,22,12.9,237.0,6.0,1
1731405741000,1,21,18.1,133.0,13.0,1
1731405741000,1,3,19.9,183.0,13.0,1
1731405741000,1,2,21.1,150.0,12.0,1
1731405741000,1,22,12.8,237.0,6.0,1
1731405742000,1,21,14.1,133.0,13.0,1
1731405742000,1,3,19.9,183.0,13.0,1
1731405742000,1,2,21.1,150.0,12.0,1
1731405742000,1,22,12.8,237.0,6.0,1
1731405743000,1,21,14.1,133.0,13.0,1
1731405743000,1,3,19.9,183.0,13.0,1
1731405743000,1,2,21.1,150.0,12.0,1
1731405743000,1,22,13.9,237.0,6.0,1
1731405744000,1,21,14.1,133.0,13.0,1
1731405744000,1,3,19.9,183.0,13.0,1
1731405744000,1,2,21.0,150.0,12.0,1
1731405744000,1,22,13.9,237.0,6.0,1
1731405745000,1,21,13.0,133.0,13.0,1
1731405745000,1,3,19.9,183.0,13.0,1
1731405745000,1,2,21.0,150.0,12.0,1
1731405745000,1,22,13.9,237.0,6.0,1
1731405746000,1,21,13.0,133.0,13.0,1
1731405746000,1,3,19.9,183.0,13.0,1
1731405746000,1,2,21.0,150.0,12.0,1
1731405746000,1,22,11.8,237.0,6.0,1
1731405747000,1,21,13.3,133.0,13.0,1
1731405747000,1,3,19.9,183.0,13.0,1
1731405747000,1,2,21.1,150.0,12.0,1
1731405747000,1,22,11.8,237.0,6.0,1
1731405748000,1,21,13.3,133.0,13.0,1
1731405748000,1,3,20.0,183.0,13.0,1
1731405748000,1,2,21.1,150.0,12.0,1
1731405748000,1,22,11.5,237.0,6.0,1
1731405749000,1,21,13.3,133.0,13.0,1
1731405749000,1,3,20.0,183.0,13.0,1
1731405749000,1,2,21.2,150.0,12.0,1
1731405749000,1,22,11.5,237.0,6.0,1
1731405750000,1,3,20.0,183.0,13.0,1
1731405750000,1,2,21.3,150.0,12.0,1
1731405750000,1,22,11.5,237.0,6.0,1
1731405751000,1,3,20.0,183.0,13.0,1
1731405751000,1,2,21.3,150.0,12.0,1
1731405752000,1,3,20.0,183.0,13.0,1
1731405752000,1,2,24.2,150.0,12.0,1
1731405753000,1,3,20.0,183.0,13.0,1
1731405753000,1,2,24.2,150.0,12.0,1
1731405753000,1,22,13.9,237.0,6.0,1
1731405754000,1,3,20.0,183.0,13.0,1
1731405754000,1,2,24.1,150.0,12.0,1
1731405754000,1,22,13.9,237.0,6.0,1
1731405755000,1,3,19.9,183.0,13.0,1
1731405755000,1,2,24.1,150.0,12.0,1
1731405755000,1,22,13.9,237.0,6.0,1
1731405756000,1,3,20.0,183.0,13.0,1
1731405756000,1,2,24.1,150.0,12.0,1
1731405757000,1,3,20.0,183.0,13.0,1
1731405757000,1,2,24.0,150.0,12.0,1
1731405758000,1,3,20.0,183.0,13.0,1
1731405758000,1,2,24.0,150.0,12.0,1
1731405759000,1,3,20.0,183.0,13.0,1
1731405759000,1,2,24.0,150.0,12.0,1
1731405759000,1,22,14.7,237.0,6.0,1
1731405760000,1,3,19.9,183.0,13.0,1
1731405760000,1,2,24.0,150.0,12.0,1
1731405760000,1,22,14.7,237.0,6.0,1
1731405761000,1,3,19.8,183.0,13.0,1
1731405761000,1,2,25.2,150.0,12.0,1
1731405761000,1,22,13.8,237.0,6.0,1
1731405762000,1,3,19.8,183.0,13.0,1
1731405762000,1,2,23.3,150.0,12.0,1
1731405762000,1,22,13.8,237.0,6.0,1
1731405763000,1,3,19.8,183.0,13.0,1
1731405763000,1,2,25.0,150.0,12.0,1
1731405763000,1,22,13.8,237.0,6.0,1
1731405764000,1,3,19.7,183.0,13.0,1
1731405764000,1,2,25.3,150.0,12.0,1
1731405764000,1,22,12.0,237.0,6.0,1
1731405765000,1,3,19.7,183.0,13.0,1
1731405765000,1,2,23.9,149.0,12.0,1
1731405765000,1,22,12.0,237.0,6.0,1
1731405766000,1,2,23.6,149.0,12.0,1
1731405766000,1,3,19.6,182.0,12.0,1
1731405766000,1,22,13.9,237.0,6.0,1
1731405767000,1,2,24.3,149.0,12.0,1
1731405767000,1,3,19.6,182.0,12.0,1
1731405767000,1,22,13.9,237.0,6.0,1
1731405768000,1,2,24.2,149.0,12.0,1
1731405768000,1,3,19.5,182.0,12.0,1
1731405768000,1,22,13.9,237.0,6.0,1
1731405769000,1,2,25.2,149.0,12.0,1
1731405769000,1,3,19.5,182.0,12.0,1
1731405769000,1,22,13.8,237.0,6.0,1
1731405770000,1,2,25.1,149.0,12.0,1
1731405770000,1,3,19.5,182.0,12.0,1
1731405770000,1,22,13.8,237.0,6.0,1
1731405771000,1,2,25.0,149.0,12.0,1
1731405771000,1,3,19.4,182.0,12.0,1
1731405771000,1,22,16.0,237.0,6.0,1
1731405772000,1,2,25.1,149.0,12.0,1
1731405772000,1,3,19.4,182.0,12.0,1
1731405772000,1,22,16.0,237.0,6.0,1
1731405773000,1,2,25.2,149.0,12.0,1
1731405773000,1,3,19.3,182.0,12.0,1
1731405773000,1,22,16.0,237.0,6.0,1
1731405774000,1,2,25.2,149.0,12.0,1
1731405774000,1,3,19.2,182.0,12.0,1
1731405774000,1,22,16.1,237.0,6.0,1
1731405775000,1,2,25.2,149.0,12.0,1
1731405775000,1,3,13.4,182.0,12.0,1
1731405775000,1,22,16.2,237.0,6.0,1
1731405776000,1,2,25.2,149.0,12.0,1
1731405776000,1,3,13.4,182.0,12.0,1
1731405776000,1,22,16.1,237.0,6.0,1
1731405777000,1,2,25.2,149.0,12.0,1
1731405777000,1,3,18.4,182.0,12.0,1
1731405777000,1,22,16.1,237.0,6.0,1
1731405778000,1,2,25.2,149.0,12.0,1
1731405778000,1,3,18.4,182.0,12.0,1
1731405778000,1,22,16.0,237.0,6.0,1
1731405779000,1,2,25.1,149.0,12.0,1
1731405779000,1,3,18.4,182.0,12.0,1
1731405779000,1,22,16.0,237.0,6.0,1
1731405780000,1,2,25.1,149.0,12.0,1
1731405780000,1,3,18.3,182.0,12.0,1
1731405780000,1,22,16.0,237.0,6.0,1
1731405781000,1,2,25.0,149.0,12.0,1
1731405781000,1,3,18.3,182.0,12.0,1
1731405781000,1,22,16.0,237.0,6.0,1
1731405782000,1,2,28.1,149.0,12.0,1
1731405782000,1,3,18.2,182.0,12.0,1
1731405782000,1,22,11.6,237.0,6.0,1
1731405783000,1,2,27.0,149.0,12.0,1
1731405783000,1,3,18.1,182.0,12.0,1
1731405783000,1,22,11.6,237.0,6.0,1
1731405784000,1,2,28.4,149.0,12.0,1
1731405784000,1,3,18.1,182.0,12.0,1
1731405784000,1,22,14.3,237.0,6.0,1
1731405785000,1,2,26.5,149.0,12.0,1
1731405785000,1,3,18.0,182.0,12.0,1
1731405785000,1,22,14.3,238.0,6.0,1
1731405786000,1,2,25.6,149.0,12.0,1
1731405786000,1,3,18.0,182.0,12.0,1
1731405786000,1,22,14.3,238.0,6.0,1
1731405787000,1,2,25.6,149.0,12.0,1
1731405787000,1,3,18.0,182.0,12.0,1
1731405787000,1,22,13.8,238.0,6.0,1
1731405788000,1,2,25.9,149.0,12.0,1
1731405788000,1,3,18.0,182.0,12.0,1
1731405788000,1,22,13.8,238.0,6.0,1
1731405789000,1,2,25.8,149.0,12.0,1
1731405789000,1,3,18.0,182.0,12.0,1
1731405790000,1,2,26.5,149.0,12.0,1
1731405790000,1,3,18.1,182.0,12.0,1
1731405791000,1,2,27.0,149.0,12.0,1
1731405791000,1,3,18.1,182.0,12.0,1
1731405792000,1,2,25.8,149.0,12.0,1
1731405792000,1,3,18.1,182.0,12.0,1
1731405793000,1,2,26.6,149.0,12.0,1
1731405793000,1,3,18.0,182.0,12.0,1
1731405794000,1,2,26.0,149.0,12.0,1
1731405794000,1,3,18.0,182.0,12.0,1
1731405795000,1,2,25.7,149.0,12.0,1
1731405795000,1,3,17.9,182.0,12.0,1
1731405796000,1,2,25.9,149.0,12.0,1
1731405796000,1,3,17.8,182.0,12.0,1
1731405797000,1,2,25.0,149.0,12.0,1
1731405797000,1,3,17.9,182.0,12.0,1
1731405798000,1,2,25.4,149.0,12.0,1
1731405798000,1,3,18.0,182.0,12.0,1
1731405799000,1,2,22.6,149.0,12.0,1
1731405799000,1,3,18.1,182.0,12.0,1
1731405800000,1,2,22.4,149.0,12.0,1
1731405800000,1,3,14.4,182.0,12.0,1
1731405801000,1,2,20.4,149.0,12.0,1
1731405801000,1,3,18.8,182.0,12.0,1
1731405802000,1,2,20.4,149.0,12.0,1
1731405802000,1,3,18.8,182.0,12.0,1
1731405803000,1,2,20.4,149.0,12.0,1
1731405803000,1,3,18.8,182.0,12.0,1
1731405804000,1,2,20.4,149.0,12.0,1
1731405804000,1,3,18.7,182.0,12.0,1
1731405805000,1,2,20.4,149.0,12.0,1
1731405805000,1,3,18.6,182.0,12.0,1
1731405806000,1,2,20.5,149.0,12.0,1
1731405806000,1,3,14.8,182.0,12.0,1
1731405807000,1,2,25.2,149.0,12.0,1
1731405807000,1,3,14.8,182.0,12.0,1
1731405808000,1,2,25.6,149.0,12.0,1
1731405808000,1,3,14.8,182.0,12.0,1
1731405809000,1,2,25.0,149.0,12.0,1
1731405809000,1,3,19.5,182.0,12.0,1
1731405810000,1,2,24.6,149.0,12.0,1
1731405810000,1,3,19.5,182.0,12.0,1
1731405811000,1,2,25.6,149.0,12.0,1
1731405811000,1,3,19.4,182.0,12.0,1
1731405812000,1,2,24.4,149.0,12.0,1
1731405812000,1,3,19.3,182.0,12.0,1
1731405813000,1,2,24.3,149.0,12.0,1
1731405813000,1,3,19.2,182.0,12.0,1
1731405814000,1,2,24.4,149.0,12.0,1
1731405814000,1,3,19.2,182.0,12.0,1
1731405815000,1,2,24.3,149.0,12.0,1
1731405815000,1,3,19.2,182.0,12.0,1
1731405816000,1,2,24.2,149.0,12.0,1
1731405816000,1,3,19.2,182.0,12.0,1
