-9223372036854775808,1,4,41.8,345.0,80.0,1
-9223372036854775808,1,7,38.8,305.0,22.0,1
-9223372036854775808,1,16,42.2,30.0,36.0,1
-9223372036854775808,1,31,29.4,80.0,13.0,1
-9223372036854775808,1,3,33.8,208.0,26.0,1
-9223372036854775808,1,8,40.7,150.0,51.0,1
-9223372036854775808,1,9,41.7,320.0,48.0,1
-9223372036854775808,1,26,40.3,46.0,8.0,1
-9223372036854775808,1,27,38.4,90.0,50.0,1
1731487948000,1,7,39.0,305.0,22.0,1
1731487948000,1,16,41.9,30.0,36.0,1
1731487948000,1,31,29.1,80.0,13.0,1
1731487948000,1,3,33.9,208.0,26.0,1
1731487948000,1,4,39.7,345.0,80.0,1
1731487948000,1,8,39.4,150.0,51.0,1
1731487948000,1,9,41.2,320.0,48.0,1
1731487948000,1,26,39.8,46.0,8.0,1
1731487948000,1,27,37.6,90.0,50.0,1
1731487949000,1,3,22.5,208.0,26.0,1
1731487949000,1,7,40.8,305.0,22.0,1
1731487949000,1,16,42.2,30.0,36.0,1
1731487949000,1,31,23.0,80.0,13.0,1
1731487949000,1,4,38.4,345.0,80.0,1
1731487949000,1,8,26.8,150.0,51.0,1
1731487949000,1,9,40.9,320.0,48.0,1
1731487949000,1,26,39.5,46.0,8.0,1
1731487949000,1,27,32.6,90.0,50.0,1
1731487950000,1,3,25.7,208.0,26.0,1
1731487950000,1,7,40.0,305.0,22.0,1
1731487950000,1,8,34.3,150.0,51.0,1
1731487950000,1,16,41.1,30.0,36.0,1
1731487950000,1,31,26.1,80.0,13.0,1
1731487950000,1,4,40.1,345.0,81.0,1
1731487950000,1,9,42.5,320.0,48.0,1
1731487950000,1,26,41.1,46.0,8.0,1
1731487950000,1,27,35.7,90.0,50.0,1
1731487951000,1,3,28.7,208.0,26.0,1
1731487951000,1,7,39.4,305.0,22.0,1
1731487951000,1,16,41.1,30.0,36.0,1
1731487951000,1,31,26.1,80.0,13.0,1
1731487951000,1,4,41.4,345.0,81.0,1
1731487951000,1,8,29.9,150.0,51.0,1
1731487951000,1,9,42.3,320.0,48.0,1
1731487951000,1,26,38.9,46.0,8.0,1
1731487951000,1,27,32.0,90.0,50.0,1
1731487952000,1,7,40.2,305.0,22.0,1
1731487952000,1,16,41.6,30.0,36.0,1
1731487952000,1,31,26.1,80.0,13.0,1
1731487952000,1,3,36.0,208.0,26.0,1
1731487952000,1,4,41.4,345.0,81.0,1
1731487952000,1,8,28.7,150.0,51.0,1
1731487952000,1,9,42.8,320.0,48.0,1
1731487952000,1,26,38.7,46.0,8.0,1
1731487952000,1,27,31.8,90.0,50.0,1
1731487953000,1,3,25.3,208.0,26.0,1
1731487953000,1,7,40.3,305.0,22.0,1
1731487953000,1,16,40.0,30.0,36.0,1
1731487953000,1,31,21.5,80.0,13.0,1
1731487953000,1,4,39.5,345.0,81.0,1
1731487953000,1,8,30.5,150.0,51.0,1
1731487953000,1,9,43.1,320.0,48.0,1
1731487953000,1,26,41.0,46.0,8.0,1
1731487953000,1,27,31.2,90.0,50.0,1
1731487954000,1,7,40.6,305.0,22.0,1
1731487954000,1,16,38.0,30.0,36.0,1
1731487954000,1,31,29.1,80.0,13.0,1
1731487954000,1,3,32.5,208.0,26.0,1
1731487954000,1,4,39.1,345.0,81.0,1
1731487954000,1,8,30.3,150.0,51.0,1
1731487954000,1,9,42.9,320.0,48.0,1
1731487954000,1,26,41.7,46.0,8.0,1
1731487954000,1,27,27.3,90.0,50.0,1
1731487955000,1,7,41.0,305.0,22.0,1
1731487955000,1,16,38.6,30.0,36.0,1
1731487955000,1,27,31.9,90.0,50.0,1
1731487955000,1,31,28.6,80.0,13.0,1
1731487955000,1,3,33.9,208.0,26.0,1
1731487955000,1,4,40.2,345.0,81.0,1
1731487955000,1,8,28.7,150.0,51.0,1
1731487955000,1,9,42.9,320.0,48.0,1
1731487955000,1,26,41.5,46.0,8.0,1
1731487956000,1,7,41.6,305.0,22.0,1
1731487956000,1,16,38.8,30.0,36.0,1
1731487956000,1,31,27.9,80.0,13.0,1
1731487956000,1,3,35.3,208.0,26.0,1
1731487956000,1,4,38.4,345.0,81.0,1
1731487956000,1,8,29.0,150.0,51.0,1
1731487956000,1,9,42.2,320.0,48.0,1
1731487956000,1,26,41.1,46.0,8.0,1
1731487956000,1,27,26.6,90.0,50.0,1
1731487957000,1,7,41.2,305.0,22.0,1
1731487957000,1,16,40.1,30.0,36.0,1
1731487957000,1,31,25.9,80.0,13.0,1
1731487957000,1,3,35.3,208.0,26.0,1
1731487957000,1,4,39.3,345.0,81.0,1
1731487957000,1,8,28.8,150.0,51.0,1
1731487957000,1,9,41.5,320.0,48.0,1
1731487957000,1,26,40.8,46.0,8.0,1
1731487957000,1,27,30.1,90.0,50.0,1
1731487958000,1,7,39.7,305.0,22.0,1
1731487958000,1,16,40.8,30.0,36.0,1
1731487958000,1,31,25.8,80.0,13.0,1
1731487958000,1,3,34.7,208.0,26.0,1
1731487958000,1,4,42.4,345.0,81.0,1
1731487958000,1,8,27.5,150.0,51.0,1
1731487958000,1,9,42.3,320.0,48.0,1
1731487958000,1,26,41.1,46.0,8.0,1
1731487958000,1,27,34.1,90.0,50.0,1
1731487959000,1,7,38.8,305.0,22.0,1
1731487959000,1,16,41.4,30.0,36.0,1
1731487959000,1,31,26.7,80.0,13.0,1
1731487959000,1,3,34.4,208.0,26.0,1
1731487959000,1,4,43.5,345.0,81.0,1
1731487959000,1,8,27.5,150.0,51.0,1
1731487959000,1,9,42.9,320.0,48.0,1
1731487959000,1,26,41.3,46.0,8.0,1
1731487959000,1,27,36.1,90.0,50.0,1
1731487960000,1,7,39.2,305.0,22.0,1
1731487960000,1,16,41.0,30.0,36.0,1
1731487960000,1,31,26.5,80.0,13.0,1
1731487960000,1,3,34.4,208.0,26.0,1
1731487960000,1,4,43.0,345.0,81.0,1
1731487960000,1,8,25.4,150.0,51.0,1
1731487960000,1,9,42.7,320.0,48.0,1
1731487960000,1,26,41.1,46.0,8.0,1
1731487960000,1,27,34.6,90.0,50.0,1
1731487961000,1,7,39.6,305.0,22.0,1
1731487961000,1,16,41.8,30.0,36.0,1
1731487961000,1,27,37.9,90.0,50.0,1
1731487961000,1,31,26.5,80.0,13.0,1
1731487961000,1,3,34.7,208.0,26.0,1
1731487961000,1,4,40.7,345.0,81.0,1
1731487961000,1,8,35.0,150.0,51.0,1
1731487961000,1,9,42.2,320.0,48.0,1
1731487961000,1,26,40.7,46.0,8.0,1
1731487962000,1,7,38.4,305.0,22.0,1
1731487962000,1,16,42.1,30.0,36.0,1
1731487962000,1,31,0.0,80.0,13.0,1
1731487962000,1,3,32.5,208.0,26.0,1
1731487962000,1,4,37.3,345.0,81.0,1
1731487962000,1,8,40.0,150.0,51.0,1
1731487962000,1,9,41.9,320.0,48.0,1
1731487962000,1,26,38.0,46.0,8.0,1
1731487962000,1,27,35.7,90.0,50.0,1
1731487963000,1,7,38.9,305.0,22.0,1
1731487963000,1,16,41.0,30.0,36.0,1
1731487963000,1,31,28.0,80.0,13.0,1
1731487963000,1,3,37.5,208.0,26.0,1
1731487963000,1,4,39.1,345.0,81.0,1
1731487963000,1,8,34.9,150.0,51.0,1
1731487963000,1,9,41.9,320.0,48.0,1
1731487963000,1,26,38.4,46.0,8.0,1
1731487963000,1,27,30.9,90.0,50.0,1
1731487964000,1,7,39.0,305.0,22.0,1
1731487964000,1,16,39.5,30.0,36.0,1
1731487964000,1,31,29.9,80.0,13.0,1
1731487964000,1,3,38.5,208.0,26.0,1
1731487964000,1,4,37.7,345.0,81.0,1
1731487964000,1,8,35.9,150.0,51.0,1
1731487964000,1,9,42.6,320.0,48.0,1
1731487964000,1,26,38.0,46.0,8.0,1
1731487964000,1,27,32.3,90.0,50.0,1
1731487965000,1,3,29.8,208.0,26.0,1
1731487965000,1,7,39.4,305.0,22.0,1
1731487965000,1,16,41.0,30.0,36.0,1
1731487965000,1,31,29.9,80.0,13.0,1
1731487965000,1,4,37.3,345.0,81.0,1
1731487965000,1,8,36.6,150.0,51.0,1
1731487965000,1,9,42.6,320.0,48.0,1
1731487965000,1,26,37.4,46.0,8.0,1
1731487965000,1,27,31.0,90.0,50.0,1
1731487966000,1,4,39.1,345.0,81.0,1
1731487966000,1,7,38.9,305.0,22.0,1
1731487966000,1,16,41.9,30.0,36.0,1
1731487966000,1,31,28.5,80.0,13.0,1
1731487966000,1,3,37.6,208.0,26.0,1
1731487966000,1,8,34.9,150.0,51.0,1
1731487966000,1,9,42.7,320.0,48.0,1
1731487966000,1,26,37.7,46.0,8.0,1
1731487966000,1,27,32.1,90.0,50.0,1
1731487967000,1,7,41.0,305.0,22.0,1
1731487967000,1,16,41.3,30.0,36.0,1
1731487967000,1,31,0.0,80.0,13.0,1
1731487967000,1,3,35.4,208.0,26.0,1
1731487967000,1,4,40.2,345.0,81.0,1
1731487967000,1,8,37.0,150.0,51.0,1
1731487967000,1,9,42.3,320.0,48.0,1
1731487967000,1,26,37.5,46.0,8.0,1
1731487967000,1,27,34.0,90.0,50.0,1
1731487968000,1,7,39.3,305.0,22.0,1
1731487968000,1,16,41.9,30.0,35.0,1
1731487968000,1,8,0.0,150.0,51.0,1
1731487968000,1,31,0.0,80.0,13.0,1
1731487968000,1,3,31.6,208.0,26.0,1
1731487968000,1,4,41.1,345.0,81.0,1
1731487968000,1,9,43.0,320.0,48.0,1
1731487968000,1,26,37.2,46.0,8.0,1
1731487968000,1,27,36.2,90.0,50.0,1
1731487969000,1,7,39.4,305.0,22.0,1
1731487969000,1,16,42.1,30.0,35.0,1
1731487969000,1,31,31.5,80.0,13.0,1
1731487969000,1,3,28.4,208.0,26.0,1
1731487969000,1,4,41.1,345.0,81.0,1
1731487969000,1,8,34.3,150.0,51.0,1
1731487969000,1,9,43.1,320.0,48.0,1
1731487969000,1,26,37.3,46.0,8.0,1
1731487969000,1,27,36.3,90.0,50.0,1
1731487970000,1,7,40.2,305.0,22.0,1
1731487970000,1,16,41.5,30.0,35.0,1
1731487970000,1,31,32.7,80.0,13.0,1
1731487970000,1,3,29.0,208.0,26.0,1
1731487970000,1,4,39.7,345.0,81.0,1
1731487970000,1,8,29.6,150.0,51.0,1
1731487970000,1,9,42.9,320.0,48.0,1
1731487970000,1,26,37.5,46.0,8.0,1
1731487970000,1,27,34.6,90.0,50.0,1
1731487971000,1,4,36.1,345.0,81.0,1
1731487971000,1,7,41.3,305.0,22.0,1
1731487971000,1,8,28.3,150.0,51.0,1
1731487971000,1,16,37.9,30.0,35.0,1
1731487971000,1,31,31.5,80.0,13.0,1
1731487971000,1,3,28.8,208.0,26.0,1
1731487971000,1,9,42.8,320.0,48.0,1
1731487971000,1,26,37.9,46.0,8.0,1
1731487971000,1,27,29.3,90.0,50.0,1
1731487972000,1,7,41.0,305.0,22.0,1
1731487972000,1,8,28.3,150.0,51.0,1
1731487972000,1,16,37.3,30.0,35.0,1
1731487972000,1,31,28.3,80.0,13.0,1
1731487972000,1,3,30.4,208.0,26.0,1
1731487972000,1,4,38.6,345.0,81.0,1
1731487972000,1,9,42.1,320.0,48.0,1
1731487972000,1,26,37.6,46.0,8.0,1
1731487972000,1,27,30.7,90.0,50.0,1
1731487973000,1,7,43.0,305.0,22.0,1
1731487973000,1,16,35.6,30.0,35.0,1
1731487973000,1,31,27.0,80.0,13.0,1
1731487973000,1,3,29.6,208.0,26.0,1
1731487973000,1,4,37.1,345.0,81.0,1
1731487973000,1,8,38.5,150.0,51.0,1
1731487973000,1,9,41.8,320.0,48.0,1
1731487973000,1,26,37.2,46.0,8.0,1
1731487973000,1,27,30.3,90.0,50.0,1
1731487974000,1,7,41.8,305.0,22.0,1
1731487974000,1,16,36.5,30.0,35.0,1
1731487974000,1,31,0.0,80.0,13.0,1
1731487974000,1,3,31.4,208.0,26.0,1
1731487974000,1,4,38.5,345.0,81.0,1
1731487974000,1,8,33.1,150.0,51.0,1
1731487974000,1,9,41.1,320.0,48.0,1
1731487974000,1,26,40.0,46.0,8.0,1
1731487974000,1,27,27.0,90.0,50.0,1
1731487975000,1,7,42.2,305.0,22.0,1
1731487975000,1,16,34.7,30.0,35.0,1
1731487975000,1,31,0.0,80.0,13.0,1
1731487975000,1,3,35.1,208.0,26.0,1
1731487975000,1,4,41.4,345.0,81.0,1
1731487975000,1,8,33.5,150.0,51.0,1
1731487975000,1,9,38.8,320.0,48.0,1
1731487975000,1,26,39.4,46.0,8.0,1
1731487975000,1,27,27.0,90.0,50.0,1
1731487976000,1,4,35.9,345.0,81.0,1
1731487976000,1,7,40.8,305.0,22.0,1
1731487976000,1,16,36.7,30.0,35.0,1
1731487976000,1,27,42.8,90.0,50.0,1
1731487976000,1,31,0.0,80.0,13.0,1
1731487976000,1,3,32.1,208.0,26.0,1
1731487976000,1,8,35.9,150.0,51.0,1
1731487976000,1,9,40.6,320.0,48.0,1
1731487976000,1,26,40.7,46.0,8.0,1
1731487977000,1,7,41.9,305.0,22.0,1
1731487977000,1,16,33.1,30.0,35.0,1
1731487977000,1,31,0.0,80.0,13.0,1
1731487977000,1,3,29.7,208.0,26.0,1
1731487977000,1,4,42.0,345.0,81.0,1
1731487977000,1,8,31.8,150.0,51.0,1
1731487977000,1,9,41.3,320.0,48.0,1
1731487977000,1,26,41.4,46.0,8.0,1
1731487977000,1,27,26.5,90.0,50.0,1
1731487978000,1,7,40.6,305.0,22.0,1
1731487978000,1,16,30.7,30.0,35.0,1
1731487978000,1,31,0.0,80.0,13.0,1
1731487978000,1,3,27.4,208.0,26.0,1
1731487978000,1,4,40.9,345.0,81.0,1
1731487978000,1,8,31.8,150.0,51.0,1
1731487978000,1,9,42.1,320.0,48.0,1
1731487978000,1,26,39.7,46.0,8.0,1
1731487978000,1,27,26.3,90.0,50.0,1
1731487979000,1,7,41.7,305.0,22.0,1
1731487979000,1,16,31.3,30.0,35.0,1
1731487979000,1,31,0.0,80.0,13.0,1
1731487979000,1,3,27.2,208.0,26.0,1
1731487979000,1,4,42.2,345.0,81.0,1
1731487979000,1,8,35.4,150.0,51.0,1
1731487979000,1,9,42.1,320.0,48.0,1
1731487979000,1,26,39.4,46.0,8.0,1
1731487979000,1,27,35.2,90.0,50.0,1
1731487980000,1,7,40.9,305.0,22.0,1
1731487980000,1,16,26.8,30.0,35.0,1
1731487980000,1,3,32.8,208.0,26.0,1
1731487980000,1,4,42.3,345.0,81.0,1
1731487980000,1,8,32.7,150.0,51.0,1
1731487980000,1,9,41.6,320.0,48.0,1
1731487980000,1,26,41.5,46.0,8.0,1
1731487980000,1,27,34.9,90.0,50.0,1
1731487981000,1,7,41.1,305.0,22.0,1
1731487981000,1,16,25.0,30.0,35.0,1
1731487981000,1,31,29.3,80.0,13.0,1
1731487981000,1,3,31.9,208.0,26.0,1
1731487981000,1,4,42.2,345.0,81.0,1
1731487981000,1,8,29.8,150.0,51.0,1
1731487981000,1,9,41.8,320.0,48.0,1
1731487981000,1,26,41.3,46.0,8.0,1
1731487981000,1,27,33.9,90.0,50.0,1
1731487982000,1,7,40.3,305.0,22.0,1
1731487982000,1,16,25.0,30.0,35.0,1
1731487982000,1,31,30.6,80.0,13.0,1
1731487982000,1,3,33.8,208.0,26.0,1
1731487982000,1,4,41.9,345.0,81.0,1
1731487982000,1,8,31.5,150.0,51.0,1
1731487982000,1,9,42.1,320.0,48.0,1
1731487982000,1,26,40.8,46.0,8.0,1
1731487982000,1,27,31.5,90.0,50.0,1
1731487983000,1,7,41.1,305.0,22.0,1
1731487983000,1,16,29.7,30.0,35.0,1
1731487983000,1,31,27.9,80.0,13.0,1
1731487983000,1,3,29.6,208.0,26.0,1
1731487983000,1,4,42.5,345.0,81.0,1
1731487983000,1,8,37.2,150.0,51.0,1
1731487983000,1,9,41.9,320.0,48.0,1
1731487983000,1,26,40.7,46.0,8.0,1
1731487983000,1,27,35.4,90.0,50.0,1
1731487984000,1,7,41.6,305.0,22.0,1
1731487984000,1,8,23.1,150.0,51.0,1
1731487984000,1,16,36.4,30.0,35.0,1
1731487984000,1,31,27.9,80.0,13.0,1
1731487984000,1,3,30.0,208.0,26.0,1
1731487984000,1,4,43.1,345.0,81.0,1
1731487984000,1,9,41.9,320.0,48.0,1
1731487984000,1,26,41.8,46.0,8.0,1
1731487984000,1,27,37.6,90.0,50.0,1
1731487985000,1,7,41.4,305.0,22.0,1
1731487985000,1,8,31.2,150.0,51.0,1
1731487985000,1,16,37.3,30.0,35.0,1
1731487985000,1,31,25.7,80.0,13.0,1
1731487985000,1,3,35.4,208.0,26.0,1
1731487985000,1,4,43.3,345.0,81.0,1
1731487985000,1,9,41.6,320.0,48.0,1
1731487985000,1,26,39.6,46.0,8.0,1
1731487985000,1,27,29.7,90.0,50.0,1
1731487986000,1,7,41.6,305.0,22.0,1
1731487986000,1,8,28.5,150.0,51.0,1
1731487986000,1,16,34.6,30.0,35.0,1
1731487986000,1,27,35.8,90.0,50.0,1
1731487986000,1,31,28.9,80.0,13.0,1
1731487986000,1,3,37.5,208.0,26.0,1
1731487986000,1,4,43.3,345.0,81.0,1
1731487986000,1,9,41.8,320.0,48.0,1
1731487986000,1,26,40.1,46.0,8.0,1
1731487987000,1,7,40.0,305.0,22.0,1
1731487987000,1,8,27.0,150.0,51.0,1
1731487987000,1,16,35.9,30.0,35.0,1
1731487987000,1,27,36.8,90.0,50.0,1
1731487987000,1,31,25.2,80.0,13.0,1
1731487987000,1,3,37.7,208.0,26.0,1
1731487987000,1,4,42.4,345.0,81.0,1
1731487987000,1,9,41.8,320.0,48.0,1
1731487987000,1,26,39.1,46.0,8.0,1
1731487988000,1,3,34.5,208.0,26.0,1
1731487988000,1,7,39.9,305.0,22.0,1
1731487988000,1,16,36.5,30.0,35.0,1
1731487988000,1,31,29.4,80.0,13.0,1
1731487988000,1,4,43.3,345.0,81.0,1
1731487988000,1,8,28.7,150.0,51.0,1
1731487988000,1,9,41.5,320.0,48.0,1
1731487988000,1,26,39.6,46.0,8.0,1
1731487988000,1,27,29.6,90.0,50.0,1
1731487989000,1,7,40.3,305.0,22.0,1
1731487989000,1,16,34.0,30.0,35.0,1
1731487989000,1,31,26.1,80.0,13.0,1
1731487989000,1,3,36.3,208.0,26.0,1
1731487989000,1,4,40.6,345.0,81.0,1
1731487989000,1,8,28.6,150.0,51.0,1
1731487989000,1,9,40.9,320.0,48.0,1
1731487989000,1,26,37.8,46.0,8.0,1
1731487989000,1,27,24.3,90.0,50.0,1
1731487990000,1,3,31.1,208.0,26.0,1
1731487990000,1,7,41.3,305.0,22.0,1
1731487990000,1,8,34.9,150.0,51.0,1
1731487990000,1,16,33.2,30.0,35.0,1
1731487990000,1,31,26.8,80.0,13.0,1
1731487990000,1,4,43.3,345.0,81.0,1
1731487990000,1,9,40.8,320.0,48.0,1
1731487990000,1,26,40.1,46.0,8.0,1
1731487990000,1,27,25.1,90.0,50.0,1
1731487991000,1,7,39.6,305.0,22.0,1
1731487991000,1,16,33.2,30.0,35.0,1
1731487991000,1,31,26.4,80.0,13.0,1
1731487991000,1,3,34.4,208.0,26.0,1
1731487991000,1,4,41.8,345.0,81.0,1
1731487991000,1,8,31.9,150.0,51.0,1
1731487991000,1,9,39.9,320.0,48.0,1
1731487991000,1,26,41.6,46.0,8.0,1
1731487991000,1,27,35.6,90.0,50.0,1
1731487992000,1,3,25.0,208.0,26.0,1
1731487992000,1,7,40.6,305.0,23.0,1
1731487992000,1,8,31.2,150.0,51.0,1
1731487992000,1,16,32.0,30.0,35.0,1
1731487992000,1,31,30.2,80.0,13.0,1
1731487992000,1,4,38.2,345.0,81.0,1
1731487992000,1,9,40.1,320.0,48.0,1
1731487992000,1,26,42.0,46.0,8.0,1
1731487992000,1,27,36.8,90.0,50.0,1
1731487993000,1,3,27.4,208.0,26.0,1
1731487993000,1,7,39.5,305.0,23.0,1
1731487993000,1,8,29.6,150.0,51.0,1
1731487993000,1,16,36.8,30.0,35.0,1
1731487993000,1,31,25.6,80.0,13.0,1
1731487993000,1,4,42.5,345.0,81.0,1
1731487993000,1,9,39.9,320.0,48.0,1
1731487993000,1,26,40.8,46.0,8.0,1
1731487993000,1,27,38.1,90.0,50.0,1
1731487994000,1,7,38.7,305.0,23.0,1
1731487994000,1,16,32.2,30.0,35.0,1
1731487994000,1,27,40.1,90.0,50.0,1
1731487994000,1,31,29.3,80.0,13.0,1
1731487994000,1,3,37.9,208.0,26.0,1
1731487994000,1,4,40.6,345.0,81.0,1
1731487994000,1,8,26.3,150.0,51.0,1
1731487994000,1,9,40.7,320.0,48.0,1
1731487994000,1,26,41.5,46.0,8.0,1
1731487995000,1,7,41.1,305.0,23.0,1
1731487995000,1,8,34.9,150.0,51.0,1
1731487995000,1,16,29.7,30.0,35.0,1
1731487995000,1,31,31.5,80.0,13.0,1
1731487995000,1,3,35.1,208.0,26.0,1
1731487995000,1,4,40.9,345.0,81.0,1
1731487995000,1,9,40.2,320.0,48.0,1
1731487995000,1,26,41.9,46.0,8.0,1
1731487995000,1,27,29.9,90.0,50.0,1
1731487996000,1,7,38.8,305.0,23.0,1
1731487996000,1,16,38.8,30.0,35.0,1
1731487996000,1,31,30.1,80.0,13.0,1
1731487996000,1,3,38.4,208.0,26.0,1
1731487996000,1,4,40.8,345.0,81.0,1
1731487996000,1,8,37.7,150.0,51.0,1
1731487996000,1,9,41.7,320.0,48.0,1
1731487996000,1,26,40.3,46.0,8.0,1
1731487996000,1,27,31.6,90.0,50.0,1
1731487997000,1,7,39.0,305.0,23.0,1
1731487997000,1,16,34.5,30.0,35.0,1
1731487997000,1,31,27.7,80.0,13.0,1
1731487997000,1,3,37.7,208.0,26.0,1
1731487997000,1,4,39.3,345.0,81.0,1
1731487997000,1,8,34.2,150.0,51.0,1
1731487997000,1,9,41.1,320.0,48.0,1
1731487997000,1,26,38.8,46.0,8.0,1
1731487997000,1,27,23.6,90.0,50.0,1
1731487998000,1,7,38.3,305.0,23.0,1
1731487998000,1,16,35.5,30.0,35.0,1
1731487998000,1,31,27.7,80.0,13.0,1
1731487998000,1,3,34.4,208.0,26.0,1
1731487998000,1,4,25.3,345.0,81.0,1
1731487998000,1,8,36.0,150.0,51.0,1
1731487998000,1,9,40.3,320.0,48.0,1
1731487998000,1,26,37.0,46.0,8.0,1
1731487998000,1,27,23.6,90.0,50.0,1
1731487999000,1,3,30.1,208.0,26.0,1
1731487999000,1,7,39.5,305.0,23.0,1
1731487999000,1,16,37.8,30.0,35.0,1
1731487999000,1,27,41.4,90.0,50.0,1
1731487999000,1,31,0.0,80.0,13.0,1
1731487999000,1,4,25.5,345.0,81.0,1
1731487999000,1,8,36.5,150.0,51.0,1
1731487999000,1,9,40.4,320.0,48.0,1
1731487999000,1,26,38.9,46.0,8.0,1
1731488000000,1,3,29.3,208.0,26.0,1
1731488000000,1,4,37.7,345.0,81.0,1
1731488000000,1,7,39.6,305.0,23.0,1
1731488000000,1,16,37.3,30.0,35.0,1
1731488000000,1,27,41.5,90.0,50.0,1
1731488000000,1,31,0.0,80.0,13.0,1
1731488000000,1,8,35.5,150.0,51.0,1
1731488000000,1,9,40.3,320.0,48.0,1
1731488000000,1,26,39.0,46.0,8.0,1
1731488001000,1,7,39.1,305.0,23.0,1
1731488001000,1,16,36.9,30.0,35.0,1
1731488001000,1,31,26.6,80.0,13.0,1
1731488001000,1,3,31.2,208.0,26.0,1
1731488001000,1,4,25.7,345.0,81.0,1
1731488001000,1,8,35.1,150.0,51.0,1
1731488001000,1,9,40.9,320.0,48.0,1
1731488001000,1,26,38.2,46.0,8.0,1
1731488001000,1,27,24.8,90.0,50.0,1
1731488002000,1,7,38.7,305.0,23.0,1
1731488002000,1,16,37.3,30.0,35.0,1
1731488002000,1,27,42.7,90.0,50.0,1
1731488002000,1,31,0.0,80.0,13.0,1
1731488002000,1,3,31.1,208.0,26.0,1
1731488002000,1,4,27.6,345.0,81.0,1
1731488002000,1,8,35.4,150.0,51.0,1
1731488002000,1,9,40.5,320.0,48.0,1
1731488002000,1,26,37.4,46.0,8.0,1
1731488003000,1,7,39.6,305.0,23.0,1
1731488003000,1,16,36.5,30.0,35.0,1
1731488003000,1,31,0.0,80.0,13.0,1
1731488003000,1,3,30.6,208.0,26.0,1
1731488003000,1,4,26.5,345.0,81.0,1
1731488003000,1,8,36.6,150.0,51.0,1
1731488003000,1,9,40.5,320.0,48.0,1
1731488003000,1,26,37.4,46.0,8.0,1
1731488003000,1,27,28.2,90.0,50.0,1
1731488004000,1,7,39.6,305.0,23.0,1
1731488004000,1,16,37.6,30.0,35.0,1
1731488004000,1,31,0.0,80.0,13.0,1
1731488004000,1,3,31.6,208.0,26.0,1
1731488004000,1,4,28.5,345.0,81.0,1
1731488004000,1,8,36.2,150.0,51.0,1
1731488004000,1,9,40.6,320.0,48.0,1
1731488004000,1,26,38.1,46.0,8.0,1
1731488004000,1,27,28.8,90.0,50.0,1
1731488005000,1,7,39.0,305.0,23.0,1
1731488005000,1,16,37.8,30.0,35.0,1
1731488005000,1,31,27.1,80.0,13.0,1
1731488005000,1,3,32.4,208.0,26.0,1
1731488005000,1,4,27.8,345.0,81.0,1
1731488005000,1,8,34.0,150.0,51.0,1
1731488005000,1,9,40.4,320.0,48.0,1
1731488005000,1,26,38.2,46.0,8.0,1
1731488005000,1,27,30.9,90.0,50.0,1
1731488006000,1,7,39.3,305.0,23.0,1
1731488006000,1,16,37.3,30.0,35.0,1
1731488006000,1,31,0.0,80.0,13.0,1
1731488006000,1,3,33.2,208.0,26.0,1
1731488006000,1,4,31.1,345.0,81.0,1
1731488006000,1,8,36.7,150.0,51.0,1
1731488006000,1,9,40.2,320.0,48.0,1
1731488006000,1,26,38.3,46.0,8.0,1
1731488006000,1,27,25.7,90.0,50.0,1
1731488007000,1,7,40.3,305.0,23.0,1
1731488007000,1,16,37.4,30.0,35.0,1
1731488007000,1,31,30.1,80.0,13.0,1
1731488007000,1,3,30.3,208.0,26.0,1
1731488007000,1,4,35.1,345.0,81.0,1
1731488007000,1,8,32.1,150.0,51.0,1
1731488007000,1,9,40.2,320.0,48.0,1
1731488007000,1,26,37.8,46.0,8.0,1
1731488007000,1,27,25.7,90.0,50.0,1
1731488008000,1,7,41.6,305.0,23.0,1
1731488008000,1,16,39.5,30.0,35.0,1
1731488008000,1,27,44.2,90.0,50.0,1
1731488008000,1,31,29.0,80.0,13.0,1
1731488008000,1,3,26.8,208.0,26.0,1
1731488008000,1,4,37.7,345.0,81.0,1
1731488008000,1,8,27.7,150.0,51.0,1
1731488008000,1,9,39.6,320.0,48.0,1
1731488008000,1,26,39.3,46.0,8.0,1
1731488009000,1,7,40.6,305.0,23.0,1
1731488009000,1,8,36.3,150.0,51.0,1
1731488009000,1,16,36.9,30.0,35.0,1
1731488009000,1,27,45.1,90.0,50.0,1
1731488009000,1,31,0.0,80.0,13.0,1
1731488009000,1,3,27.9,208.0,26.0,1
1731488009000,1,4,35.1,345.0,81.0,1
1731488009000,1,9,39.3,320.0,48.0,1
1731488009000,1,26,39.2,46.0,8.0,1
1731488010000,1,7,40.7,305.0,23.0,1
1731488010000,1,16,36.0,30.0,35.0,1
1731488010000,1,31,29.4,80.0,13.0,1
1731488010000,1,3,29.3,208.0,26.0,1
1731488010000,1,4,34.0,345.0,81.0,1
1731488010000,1,8,33.3,150.0,51.0,1
1731488010000,1,9,39.7,320.0,48.0,1
1731488010000,1,26,39.5,46.0,8.0,1
1731488010000,1,27,28.6,90.0,50.0,1
1731488011000,1,7,41.1,305.0,23.0,1
1731488011000,1,16,35.4,30.0,35.0,1
1731488011000,1,31,29.4,80.0,13.0,1
1731488011000,1,3,29.0,208.0,26.0,1
1731488011000,1,4,33.2,345.0,81.0,1
1731488011000,1,8,33.3,150.0,51.0,1
1731488011000,1,9,40.0,320.0,48.0,1
1731488011000,1,26,39.0,46.0,8.0,1
1731488011000,1,27,28.8,90.0,50.0,1
1731488012000,1,7,41.2,305.0,23.0,1
1731488012000,1,16,35.0,30.0,35.0,1
1731488012000,1,31,29.7,80.0,13.0,1
1731488012000,1,3,29.2,208.0,26.0,1
1731488012000,1,4,33.7,345.0,81.0,1
1731488012000,1,8,34.1,150.0,51.0,1
1731488012000,1,9,39.9,320.0,48.0,1
1731488012000,1,26,39.3,46.0,8.0,1
1731488012000,1,27,28.8,90.0,50.0,1
1731488013000,1,7,42.7,305.0,23.0,1
1731488013000,1,16,34.2,30.0,35.0,1
1731488013000,1,31,30.3,80.0,13.0,1
1731488013000,1,3,30.3,208.0,26.0,1
1731488013000,1,4,29.4,345.0,81.0,1
1731488013000,1,8,26.6,150.0,51.0,1
1731488013000,1,9,40.2,320.0,48.0,1
1731488013000,1,26,36.5,46.0,8.0,1
1731488013000,1,27,30.4,90.0,50.0,1
1731488014000,1,7,42.5,305.0,23.0,1
1731488014000,1,16,34.5,30.0,35.0,1
1731488014000,1,31,30.4,80.0,13.0,1
1731488014000,1,3,29.7,208.0,26.0,1
1731488014000,1,4,32.8,345.0,81.0,1
1731488014000,1,8,31.5,150.0,51.0,1
1731488014000,1,9,40.7,320.0,48.0,1
1731488014000,1,26,37.5,46.0,8.0,1
1731488014000,1,27,30.1,90.0,50.0,1
1731488015000,1,7,40.7,305.0,23.0,1
1731488015000,1,16,30.3,30.0,35.0,1
1731488015000,1,31,29.7,80.0,13.0,1
1731488015000,1,3,33.8,208.0,26.0,1
1731488015000,1,4,30.8,345.0,81.0,1
1731488015000,1,8,32.7,150.0,51.0,1
1731488015000,1,9,40.9,320.0,48.0,1
1731488015000,1,26,41.1,46.0,8.0,1
1731488015000,1,27,33.6,90.0,50.0,1
1731488016000,1,7,41.6,305.0,23.0,1
1731488016000,1,8,27.9,150.0,51.0,1
1731488016000,1,16,33.9,30.0,35.0,1
1731488016000,1,31,31.6,80.0,13.0,1
1731488016000,1,3,38.5,208.0,26.0,1
1731488016000,1,4,35.5,345.0,81.0,1
1731488016000,1,9,40.5,320.0,48.0,1
1731488016000,1,26,40.6,46.0,8.0,1
1731488016000,1,27,29.0,90.0,50.0,1
1731488017000,1,7,40.2,305.0,23.0,1
1731488017000,1,16,34.4,30.0,35.0,1
1731488017000,1,31,27.7,80.0,13.0,1
1731488017000,1,3,37.8,208.0,26.0,1
1731488017000,1,4,39.2,345.0,81.0,1
1731488017000,1,8,32.7,150.0,51.0,1
1731488017000,1,9,40.9,320.0,48.0,1
1731488017000,1,26,41.4,46.0,8.0,1
1731488017000,1,27,23.6,90.0,50.0,1
1731488018000,1,7,38.2,305.0,23.0,1
1731488018000,1,16,32.4,30.0,35.0,1
1731488018000,1,27,40.2,90.0,50.0,1
1731488018000,1,31,0.0,80.0,13.0,1
1731488018000,1,3,32.6,208.0,26.0,1
1731488018000,1,4,36.6,345.0,81.0,1
1731488018000,1,8,28.3,150.0,51.0,1
1731488018000,1,9,41.0,320.0,48.0,1
1731488018000,1,26,39.7,46.0,8.0,1
1731488019000,1,3,26.7,208.0,26.0,1
1731488019000,1,7,41.0,305.0,23.0,1
1731488019000,1,8,26.5,150.0,51.0,1
1731488019000,1,16,34.1,30.0,35.0,1
1731488019000,1,31,0.0,80.0,13.0,1
1731488019000,1,4,38.5,345.0,81.0,1
1731488019000,1,9,42.4,320.0,48.0,1
1731488019000,1,26,39.0,46.0,8.0,1
1731488019000,1,27,32.5,90.0,50.0,1
1731488020000,1,7,39.4,305.0,23.0,1
1731488020000,1,8,28.2,150.0,51.0,1
1731488020000,1,16,35.2,30.0,35.0,1
1731488020000,1,31,22.4,80.0,13.0,1
1731488020000,1,3,29.9,208.0,26.0,1
1731488020000,1,4,38.8,345.0,81.0,1
1731488020000,1,9,42.5,320.0,48.0,1
1731488020000,1,26,39.7,46.0,8.0,1
1731488020000,1,27,33.1,90.0,50.0,1
1731488021000,1,3,27.5,208.0,26.0,1
1731488021000,1,7,39.4,305.0,23.0,1
1731488021000,1,8,29.0,150.0,51.0,1
1731488021000,1,16,36.5,30.0,35.0,1
1731488021000,1,31,22.4,80.0,13.0,1
1731488021000,1,4,39.2,345.0,81.0,1
1731488021000,1,9,42.6,320.0,48.0,1
1731488021000,1,26,40.6,46.0,8.0,1
1731488021000,1,27,32.4,90.0,50.0,1
1731488022000,1,3,26.3,208.0,26.0,1
1731488022000,1,7,38.4,305.0,23.0,1
1731488022000,1,16,32.0,30.0,35.0,1
1731488022000,1,31,25.4,80.0,13.0,1
1731488022000,1,4,37.9,345.0,81.0,1
1731488022000,1,8,29.3,150.0,51.0,1
1731488022000,1,9,41.1,320.0,48.0,1
1731488022000,1,26,40.1,46.0,8.0,1
1731488022000,1,27,25.7,90.0,50.0,1
1731488023000,1,7,39.6,305.0,23.0,1
1731488023000,1,16,39.7,30.0,35.0,1
1731488023000,1,31,21.9,80.0,13.0,1
1731488023000,1,3,34.5,208.0,26.0,1
1731488023000,1,4,44.8,345.0,81.0,1
1731488023000,1,8,34.5,150.0,51.0,1
1731488023000,1,9,41.3,320.0,48.0,1
1731488023000,1,26,41.9,46.0,8.0,1
1731488023000,1,27,32.8,90.0,50.0,1
1731488024000,1,7,40.6,305.0,23.0,1
1731488024000,1,16,37.1,30.0,35.0,1
1731488024000,1,31,22.7,80.0,13.0,1
1731488024000,1,3,34.6,208.0,26.0,1
1731488024000,1,4,43.1,345.0,81.0,1
1731488024000,1,8,33.0,150.0,51.0,1
1731488024000,1,9,40.5,320.0,48.0,1
1731488024000,1,26,41.3,46.0,8.0,1
1731488024000,1,27,33.8,90.0,50.0,1
1731488025000,1,7,41.3,305.0,23.0,1
1731488025000,1,16,33.4,30.0,35.0,1
1731488025000,1,31,0.0,80.0,13.0,1
1731488025000,1,3,34.3,208.0,26.0,1
1731488025000,1,4,41.6,345.0,81.0,1
1731488025000,1,8,31.3,150.0,51.0,1
1731488025000,1,9,39.6,320.0,48.0,1
1731488025000,1,26,41.0,46.0,8.0,1
1731488025000,1,27,31.6,90.0,50.0,1
1731488026000,1,7,40.8,305.0,23.0,1
1731488026000,1,16,33.7,30.0,35.0,1
1731488026000,1,31,0.0,80.0,13.0,1
1731488026000,1,3,35.3,208.0,26.0,1
1731488026000,1,4,41.8,345.0,81.0,1
1731488026000,1,8,32.6,150.0,51.0,1
1731488026000,1,9,40.3,320.0,48.0,1
1731488026000,1,26,40.9,46.0,8.0,1
1731488026000,1,27,30.5,90.0,50.0,1
1731488027000,1,7,41.4,305.0,23.0,1
1731488027000,1,16,29.2,30.0,35.0,1
1731488027000,1,31,0.0,80.0,13.0,1
1731488027000,1,3,34.6,208.0,26.0,1
1731488027000,1,4,40.0,345.0,81.0,1
1731488027000,1,8,30.8,150.0,51.0,1
1731488027000,1,9,39.7,320.0,48.0,1
1731488027000,1,26,42.3,46.0,8.0,1
1731488027000,1,27,29.0,90.0,50.0,1
1731488028000,1,7,40.2,305.0,23.0,1
1731488028000,1,16,34.9,30.0,35.0,1
1731488028000,1,31,0.0,80.0,13.0,1
1731488028000,1,3,32.8,208.0,26.0,1
1731488028000,1,4,42.5,345.0,81.0,1
1731488028000,1,8,33.6,149.0,52.0,1
1731488028000,1,9,39.7,320.0,48.0,1
1731488028000,1,26,42.7,46.0,8.0,1
1731488028000,1,27,30.5,90.0,50.0,1
1731488029000,1,7,37.3,305.0,23.0,1
1731488029000,1,16,37.4,30.0,35.0,1
1731488029000,1,31,21.6,80.0,13.0,1
1731488029000,1,3,31.0,208.0,26.0,1
1731488029000,1,4,42.9,345.0,81.0,1
1731488029000,1,8,30.4,149.0,52.0,1
1731488029000,1,9,41.4,320.0,48.0,1
1731488029000,1,26,41.3,46.0,8.0,1
1731488029000,1,27,30.0,90.0,50.0,1
1731488030000,1,7,40.7,305.0,23.0,1
1731488030000,1,16,36.0,30.0,35.0,1
1731488030000,1,31,0.0,80.0,13.0,1
1731488030000,1,3,30.9,208.0,26.0,1
1731488030000,1,4,38.1,345.0,81.0,1
1731488030000,1,8,30.9,149.0,52.0,1
1731488030000,1,9,41.3,320.0,48.0,1
1731488030000,1,26,40.6,46.0,8.0,1
1731488030000,1,27,28.5,90.0,50.0,1
1731488031000,1,3,27.0,208.0,26.0,1
1731488031000,1,7,40.7,305.0,23.0,1
1731488031000,1,16,35.3,30.0,35.0,1
1731488031000,1,31,27.5,80.0,13.0,1
1731488031000,1,4,37.3,345.0,81.0,1
1731488031000,1,8,30.2,149.0,52.0,1
1731488031000,1,9,41.3,320.0,48.0,1
1731488031000,1,26,39.7,46.0,8.0,1
1731488031000,1,27,28.2,90.0,50.0,1
1731488032000,1,3,26.5,208.0,26.0,1
1731488032000,1,7,38.0,305.0,23.0,1
1731488032000,1,16,37.4,30.0,35.0,1
1731488032000,1,31,26.8,80.0,13.0,1
1731488032000,1,4,38.8,345.0,81.0,1
1731488032000,1,8,28.8,149.0,52.0,1
1731488032000,1,9,41.6,320.0,48.0,1
1731488032000,1,26,40.3,46.0,8.0,1
1731488032000,1,27,28.6,90.0,50.0,1
1731488033000,1,7,36.4,305.0,23.0,1
1731488033000,1,16,37.7,30.0,35.0,1
1731488033000,1,31,27.9,80.0,13.0,1
1731488033000,1,3,27.6,208.0,26.0,1
1731488033000,1,4,39.2,345.0,81.0,1
1731488033000,1,8,28.1,149.0,52.0,1
1731488033000,1,9,41.5,320.0,48.0,1
1731488033000,1,26,40.9,46.0,8.0,1
1731488033000,1,27,27.8,90.0,50.0,1
1731488034000,1,3,28.2,208.0,26.0,1
1731488034000,1,7,39.9,305.0,23.0,1
1731488034000,1,16,37.3,30.0,35.0,1
1731488034000,1,31,28.6,80.0,13.0,1
1731488034000,1,4,35.6,345.0,81.0,1
1731488034000,1,8,28.4,149.0,52.0,1
1731488034000,1,9,42.0,320.0,48.0,1
1731488034000,1,26,40.3,46.0,8.0,1
1731488034000,1,27,33.8,90.0,50.0,1
1731488035000,1,7,41.0,305.0,23.0,1
1731488035000,1,16,34.7,30.0,35.0,1
1731488035000,1,27,41.1,90.0,50.0,1
1731488035000,1,31,27.6,80.0,13.0,1
1731488035000,1,3,35.0,208.0,26.0,1
1731488035000,1,4,33.4,345.0,81.0,1
1731488035000,1,8,28.5,149.0,52.0,1
1731488035000,1,9,42.4,320.0,48.0,1
1731488035000,1,26,39.5,46.0,8.0,1
1731488036000,1,7,41.4,305.0,23.0,1
1731488036000,1,16,34.9,30.0,35.0,1
1731488036000,1,31,27.5,80.0,13.0,1
1731488036000,1,3,35.4,208.0,26.0,1
1731488036000,1,4,37.0,345.0,81.0,1
1731488036000,1,8,30.3,149.0,52.0,1
1731488036000,1,9,42.7,320.0,48.0,1
1731488036000,1,26,40.0,46.0,8.0,1
1731488036000,1,27,35.6,90.0,50.0,1
1731488037000,1,7,40.6,305.0,23.0,1
1731488037000,1,9,33.7,320.0,48.0,1
1731488037000,1,16,36.6,30.0,35.0,1
1731488037000,1,31,28.7,80.0,13.0,1
1731488037000,1,3,34.6,208.0,26.0,1
1731488037000,1,4,39.2,345.0,81.0,1
1731488037000,1,8,28.8,149.0,52.0,1
1731488037000,1,26,40.4,46.0,8.0,1
1731488037000,1,27,34.1,90.0,50.0,1
1731488038000,1,7,41.4,305.0,23.0,1
1731488038000,1,9,33.1,320.0,48.0,1
1731488038000,1,16,36.3,30.0,35.0,1
1731488038000,1,31,29.2,80.0,13.0,1
1731488038000,1,3,35.2,208.0,26.0,1
1731488038000,1,4,38.1,345.0,81.0,1
1731488038000,1,8,28.7,149.0,52.0,1
1731488038000,1,26,40.9,46.0,8.0,1
1731488038000,1,27,33.7,90.0,50.0,1
1731488039000,1,7,40.7,305.0,23.0,1
1731488039000,1,9,32.6,320.0,48.0,1
1731488039000,1,16,35.1,30.0,35.0,1
1731488039000,1,31,27.9,80.0,13.0,1
1731488039000,1,3,35.8,208.0,26.0,1
1731488039000,1,4,37.8,345.0,81.0,1
1731488039000,1,8,29.3,149.0,52.0,1
1731488039000,1,26,40.8,46.0,8.0,1
1731488039000,1,27,34.6,90.0,50.0,1
1731488040000,1,7,40.6,305.0,23.0,1
1731488040000,1,9,34.7,320.0,48.0,1
1731488040000,1,16,35.3,30.0,35.0,1
1731488040000,1,31,26.1,80.0,13.0,1
1731488040000,1,3,35.6,208.0,26.0,1
1731488040000,1,4,37.1,345.0,81.0,1
1731488040000,1,8,31.0,149.0,52.0,1
1731488040000,1,26,39.7,46.0,8.0,1
1731488040000,1,27,34.7,90.0,50.0,1
1731488041000,1,7,39.1,305.0,23.0,1
1731488041000,1,16,36.2,30.0,35.0,1
1731488041000,1,31,27.1,80.0,13.0,1
1731488041000,1,3,32.6,208.0,26.0,1
1731488041000,1,4,38.0,345.0,81.0,1
1731488041000,1,8,27.5,149.0,52.0,1
1731488041000,1,9,42.0,320.0,48.0,1
1731488041000,1,26,41.2,46.0,8.0,1
1731488041000,1,27,30.9,90.0,50.0,1
1731488042000,1,7,38.6,305.0,23.0,1
1731488042000,1,16,37.8,30.0,35.0,1
1731488042000,1,31,26.5,80.0,13.0,1
1731488042000,1,3,31.5,208.0,26.0,1
1731488042000,1,4,43.5,345.0,81.0,1
1731488042000,1,8,22.4,149.0,52.0,1
1731488042000,1,9,40.5,320.0,48.0,1
1731488042000,1,26,41.0,46.0,8.0,1
1731488042000,1,27,21.9,90.0,50.0,1
1731488043000,1,7,39.0,305.0,23.0,1
1731488043000,1,16,38.6,30.0,35.0,1
1731488043000,1,31,25.3,80.0,13.0,1
1731488043000,1,3,32.4,208.0,26.0,1
1731488043000,1,4,44.6,345.0,81.0,1
1731488043000,1,8,23.7,149.0,52.0,1
1731488043000,1,9,40.2,320.0,48.0,1
1731488043000,1,26,40.7,46.0,8.0,1
1731488043000,1,27,21.9,90.0,50.0,1
1731488044000,1,7,38.0,305.0,23.0,1
1731488044000,1,16,39.2,30.0,35.0,1
1731488044000,1,27,39.0,90.0,50.0,1
1731488044000,1,31,24.9,80.0,13.0,1
1731488044000,1,3,32.6,208.0,26.0,1
1731488044000,1,4,44.1,345.0,81.0,1
1731488044000,1,8,21.2,149.0,52.0,1
1731488044000,1,9,40.3,320.0,48.0,1
1731488044000,1,26,41.2,46.0,8.0,1
1731488045000,1,7,38.0,305.0,23.0,1
1731488045000,1,16,39.3,30.0,35.0,1
1731488045000,1,31,22.6,80.0,13.0,1
1731488045000,1,3,32.6,208.0,26.0,1
1731488045000,1,4,44.5,345.0,81.0,1
1731488045000,1,8,21.1,149.0,52.0,1
1731488045000,1,9,40.0,320.0,48.0,1
1731488045000,1,26,41.5,46.0,8.0,1
1731488045000,1,27,17.9,90.0,50.0,1
1731488046000,1,7,37.4,305.0,23.0,1
1731488046000,1,8,33.9,149.0,52.0,1
1731488046000,1,16,38.0,30.0,35.0,1
1731488046000,1,27,39.3,90.0,50.0,1
1731488046000,1,31,22.6,80.0,13.0,1
1731488046000,1,3,32.2,208.0,26.0,1
1731488046000,1,4,43.8,345.0,81.0,1
1731488046000,1,9,40.5,320.0,48.0,1
1731488046000,1,26,41.5,46.0,8.0,1
1731488047000,1,7,36.8,305.0,23.0,1
1731488047000,1,16,37.8,30.0,35.0,1
1731488047000,1,31,21.4,80.0,13.0,1
1731488047000,1,3,31.2,208.0,26.0,1
1731488047000,1,4,44.0,345.0,81.0,1
1731488047000,1,8,27.5,149.0,52.0,1
1731488047000,1,9,40.7,320.0,48.0,1
1731488047000,1,26,41.4,46.0,8.0,1
1731488047000,1,27,26.6,90.0,50.0,1
1731488048000,1,7,36.0,305.0,23.0,1
1731488048000,1,16,38.2,30.0,35.0,1
1731488048000,1,31,25.1,80.0,13.0,1
1731488048000,1,3,31.9,208.0,26.0,1
1731488048000,1,4,44.2,345.0,81.0,1
1731488048000,1,8,30.3,149.0,52.0,1
1731488048000,1,9,40.5,320.0,48.0,1
1731488048000,1,26,41.8,46.0,8.0,1
1731488048000,1,27,30.1,90.0,50.0,1
1731488049000,1,7,36.4,305.0,23.0,1
1731488049000,1,16,37.8,30.0,35.0,1
1731488049000,1,31,23.0,80.0,13.0,1
1731488049000,1,3,31.5,208.0,26.0,1
1731488049000,1,4,43.0,345.0,81.0,1
1731488049000,1,8,26.0,149.0,52.0,1
1731488049000,1,9,40.5,320.0,48.0,1
1731488049000,1,26,41.2,46.0,8.0,1
1731488049000,1,27,25.3,90.0,50.0,1
1731488050000,1,7,36.3,305.0,23.0,1
1731488050000,1,16,36.5,30.0,35.0,1
1731488050000,1,31,24.2,80.0,13.0,1
1731488050000,1,3,28.6,208.0,26.0,1
1731488050000,1,4,41.1,345.0,81.0,1
1731488050000,1,8,23.1,149.0,52.0,1
1731488050000,1,9,40.1,320.0,48.0,1
1731488050000,1,26,41.5,46.0,8.0,1
1731488050000,1,27,20.6,90.0,50.0,1
1731488051000,1,7,39.7,305.0,23.0,1
1731488051000,1,8,33.0,149.0,52.0,1
1731488051000,1,16,34.1,30.0,35.0,1
1731488051000,1,31,29.9,80.0,13.0,1
1731488051000,1,3,30.2,208.0,26.0,1
1731488051000,1,4,36.3,345.0,81.0,1
1731488051000,1,9,40.2,320.0,48.0,1
1731488051000,1,26,39.4,46.0,8.0,1
1731488051000,1,27,32.8,90.0,50.0,1
1731488052000,1,3,32.0,208.0,26.0,1
1731488052000,1,7,37.8,305.0,23.0,1
1731488052000,1,16,33.3,30.0,35.0,1
1731488052000,1,31,29.9,80.0,13.0,1
1731488052000,1,4,38.7,345.0,81.0,1
1731488052000,1,8,33.6,149.0,52.0,1
1731488052000,1,9,40.2,320.0,49.0,1
1731488052000,1,26,39.1,46.0,8.0,1
1731488052000,1,27,33.1,90.0,50.0,1
1731488053000,1,7,38.0,305.0,23.0,1
1731488053000,1,16,35.5,30.0,35.0,1
1731488053000,1,31,29.9,80.0,13.0,1
1731488053000,1,3,35.8,208.0,26.0,1
1731488053000,1,4,40.0,345.0,81.0,1
1731488053000,1,8,32.7,149.0,52.0,1
1731488053000,1,9,40.0,320.0,49.0,1
1731488053000,1,26,39.6,46.0,8.0,1
1731488053000,1,27,32.5,90.0,50.0,1
1731488054000,1,7,39.0,305.0,23.0,1
1731488054000,1,16,35.4,30.0,35.0,1
1731488054000,1,31,29.9,80.0,13.0,1
1731488054000,1,3,35.8,208.0,26.0,1
1731488054000,1,4,35.6,345.0,81.0,1
1731488054000,1,8,32.6,149.0,52.0,1
1731488054000,1,9,40.0,320.0,49.0,1
1731488054000,1,26,38.5,46.0,8.0,1
1731488054000,1,27,32.7,90.0,50.0,1
1731488055000,1,7,36.8,305.0,23.0,1
1731488055000,1,16,36.9,30.0,35.0,1
1731488055000,1,31,29.9,80.0,13.0,1
1731488055000,1,3,37.5,208.0,26.0,1
1731488055000,1,4,39.3,345.0,81.0,1
1731488055000,1,8,34.7,149.0,52.0,1
1731488055000,1,9,39.8,320.0,49.0,1
1731488055000,1,26,39.0,46.0,8.0,1
1731488055000,1,27,34.0,90.0,50.0,1
1731488056000,1,7,37.9,305.0,23.0,1
1731488056000,1,16,35.1,30.0,35.0,1
1731488056000,1,31,29.9,80.0,13.0,1
1731488056000,1,3,36.8,208.0,26.0,1
1731488056000,1,4,37.2,345.0,81.0,1
1731488056000,1,8,33.2,149.0,52.0,1
1731488056000,1,9,39.8,320.0,49.0,1
1731488056000,1,26,38.7,46.0,8.0,1
1731488056000,1,27,32.3,90.0,50.0,1
1731488057000,1,7,37.7,305.0,23.0,1
1731488057000,1,16,40.0,30.0,35.0,1
1731488057000,1,31,29.9,80.0,13.0,1
1731488057000,1,3,37.3,208.0,26.0,1
1731488057000,1,4,40.7,345.0,81.0,1
1731488057000,1,8,36.5,149.0,52.0,1
1731488057000,1,9,40.3,320.0,49.0,1
1731488057000,1,26,37.3,46.0,8.0,1
1731488057000,1,27,30.8,90.0,50.0,1
1731488058000,1,7,37.8,305.0,23.0,1
1731488058000,1,16,39.8,30.0,35.0,1
1731488058000,1,3,38.0,208.0,26.0,1
1731488058000,1,4,40.7,345.0,81.0,1
1731488058000,1,8,36.0,149.0,52.0,1
1731488058000,1,9,40.2,320.0,49.0,1
1731488058000,1,26,37.7,46.0,8.0,1
1731488058000,1,27,30.5,90.0,50.0,1
1731488059000,1,7,34.3,305.0,23.0,1
1731488059000,1,16,40.3,30.0,35.0,1
1731488059000,1,3,36.8,208.0,26.0,1
1731488059000,1,4,42.1,345.0,81.0,1
1731488059000,1,8,36.8,149.0,52.0,1
1731488059000,1,9,40.0,320.0,49.0,1
1731488059000,1,26,38.2,46.0,8.0,1
1731488059000,1,27,31.7,90.0,50.0,1
1731488060000,1,7,36.5,305.0,23.0,1
1731488060000,1,16,34.7,30.0,35.0,1
1731488060000,1,3,36.5,208.0,26.0,1
1731488060000,1,4,40.9,345.0,81.0,1
1731488060000,1,8,31.4,149.0,52.0,1
1731488060000,1,9,40.1,320.0,49.0,1
1731488060000,1,26,40.9,46.0,8.0,1
1731488060000,1,27,31.1,90.0,50.0,1
1731488061000,1,7,36.2,305.0,23.0,1
1731488061000,1,16,38.7,30.0,35.0,1
1731488061000,1,3,35.4,208.0,26.0,1
1731488061000,1,4,42.6,345.0,81.0,1
1731488061000,1,8,32.1,149.0,52.0,1
1731488061000,1,9,39.6,320.0,49.0,1
1731488061000,1,26,40.5,46.0,8.0,1
1731488061000,1,27,33.2,90.0,50.0,1
1731488062000,1,7,38.6,305.0,23.0,1
1731488062000,1,16,34.8,30.0,35.0,1
1731488062000,1,3,32.6,208.0,26.0,1
1731488062000,1,4,36.8,345.0,81.0,1
1731488062000,1,8,29.2,149.0,52.0,1
1731488062000,1,9,40.2,320.0,49.0,1
1731488062000,1,26,38.4,46.0,8.0,1
1731488062000,1,27,32.6,90.0,50.0,1
1731488063000,1,7,37.0,305.0,23.0,1
1731488063000,1,16,34.5,30.0,35.0,1
1731488063000,1,27,39.0,90.0,50.0,1
1731488063000,1,3,26.4,208.0,26.0,1
1731488063000,1,4,37.0,345.0,81.0,1
1731488063000,1,8,27.3,149.0,52.0,1
1731488063000,1,9,39.2,320.0,49.0,1
1731488063000,1,26,39.0,46.0,8.0,1
1731488064000,1,7,37.2,305.0,23.0,1
1731488064000,1,16,34.7,30.0,35.0,1
1731488064000,1,31,26.3,80.0,13.0,1
1731488064000,1,3,26.2,208.0,26.0,1
1731488064000,1,4,38.5,345.0,81.0,1
1731488064000,1,8,28.7,149.0,52.0,1
1731488064000,1,9,39.2,320.0,49.0,1
1731488064000,1,26,40.0,46.0,8.0,1
1731488064000,1,27,33.6,90.0,50.0,1
1731488065000,1,3,26.5,208.0,26.0,1
1731488065000,1,7,36.8,305.0,23.0,1
1731488065000,1,8,25.1,149.0,52.0,1
1731488065000,1,16,35.3,30.0,35.0,1
1731488065000,1,31,28.6,80.0,13.0,1
1731488065000,1,4,39.7,345.0,81.0,1
1731488065000,1,9,39.7,320.0,49.0,1
1731488065000,1,26,39.9,46.0,8.0,1
1731488065000,1,27,34.2,90.0,50.0,1
1731488066000,1,3,25.3,208.0,26.0,1
1731488066000,1,7,36.2,305.0,23.0,1
1731488066000,1,16,36.7,30.0,35.0,1
1731488066000,1,31,28.9,80.0,13.0,1
1731488066000,1,4,38.8,345.0,81.0,1
1731488066000,1,8,25.3,149.0,52.0,1
1731488066000,1,9,39.1,320.0,49.0,1
1731488066000,1,26,38.6,46.0,8.0,1
1731488066000,1,27,31.5,90.0,50.0,1
1731488067000,1,3,24.6,208.0,26.0,1
1731488067000,1,7,38.2,305.0,23.0,1
1731488067000,1,16,33.0,30.0,35.0,1
1731488067000,1,27,36.7,90.0,50.0,1
1731488067000,1,31,29.4,80.0,13.0,1
1731488067000,1,4,36.4,345.0,81.0,1
1731488067000,1,8,26.1,149.0,52.0,1
1731488067000,1,9,40.2,320.0,49.0,1
1731488067000,1,26,39.7,46.0,8.0,1
1731488068000,1,7,37.2,305.0,23.0,1
1731488068000,1,16,35.1,30.0,35.0,1
1731488068000,1,27,37.7,90.0,50.0,1
1731488068000,1,31,28.7,80.0,13.0,1
1731488068000,1,3,27.0,208.0,26.0,1
1731488068000,1,4,38.2,345.0,81.0,1
1731488068000,1,8,25.9,149.0,52.0,1
1731488068000,1,9,40.0,320.0,49.0,1
1731488068000,1,26,39.7,46.0,8.0,1
1731488069000,1,3,29.0,208.0,26.0,1
1731488069000,1,7,37.4,305.0,23.0,1
1731488069000,1,16,35.7,30.0,35.0,1
1731488069000,1,27,40.4,90.0,50.0,1
1731488069000,1,31,23.7,80.0,13.0,1
1731488069000,1,4,39.1,345.0,81.0,1
1731488069000,1,8,27.2,149.0,52.0,1
1731488069000,1,9,39.2,320.0,49.0,1
1731488069000,1,26,40.3,46.0,8.0,1
1731488070000,1,7,36.8,305.0,23.0,1
1731488070000,1,16,34.9,30.0,35.0,1
1731488070000,1,31,25.1,80.0,13.0,1
1731488070000,1,3,21.8,208.0,26.0,1
1731488070000,1,4,36.8,345.0,81.0,1
1731488070000,1,8,24.7,149.0,52.0,1
1731488070000,1,9,37.9,320.0,49.0,1
1731488070000,1,26,38.8,46.0,8.0,1
1731488070000,1,27,32.6,90.0,50.0,1
1731488071000,1,7,36.7,305.0,23.0,1
1731488071000,1,16,34.6,30.0,35.0,1
1731488071000,1,31,26.6,80.0,13.0,1
1731488071000,1,3,23.9,208.0,26.0,1
1731488071000,1,4,36.5,345.0,81.0,1
1731488071000,1,8,23.9,149.0,52.0,1
1731488071000,1,9,37.8,320.0,49.0,1
1731488071000,1,26,39.0,46.0,8.0,1
1731488071000,1,27,31.9,90.0,50.0,1
1731488072000,1,3,27.0,208.0,26.0,1
1731488072000,1,7,37.4,305.0,23.0,1
1731488072000,1,16,34.8,30.0,35.0,1
1731488072000,1,27,39.0,90.0,50.0,1
1731488072000,1,31,27.7,80.0,13.0,1
1731488072000,1,4,38.6,345.0,81.0,1
1731488072000,1,8,26.6,149.0,52.0,1
1731488072000,1,9,40.0,320.0,49.0,1
1731488072000,1,26,40.4,46.0,8.0,1
1731488073000,1,7,37.8,305.0,23.0,1
1731488073000,1,16,31.9,30.0,35.0,1
1731488073000,1,27,38.3,90.0,50.0,1
1731488073000,1,31,28.3,80.0,13.0,1
1731488073000,1,3,23.9,208.0,26.0,1
1731488073000,1,4,37.4,345.0,81.0,1
1731488073000,1,8,26.1,149.0,52.0,1
1731488073000,1,9,40.4,320.0,49.0,1
1731488073000,1,26,40.3,46.0,8.0,1
1731488074000,1,7,37.8,305.0,23.0,1
1731488074000,1,16,31.2,30.0,35.0,1
1731488074000,1,27,37.9,90.0,50.0,1
1731488074000,1,31,27.9,80.0,13.0,1
1731488074000,1,3,25.2,208.0,26.0,1
1731488074000,1,4,37.2,345.0,81.0,1
1731488074000,1,8,26.1,149.0,52.0,1
1731488074000,1,9,40.1,320.0,49.0,1
1731488074000,1,26,40.0,46.0,8.0,1
1731488075000,1,3,26.4,208.0,26.0,1
1731488075000,1,7,38.4,305.0,23.0,1
1731488075000,1,16,32.3,30.0,35.0,1
1731488075000,1,27,38.1,90.0,50.0,1
1731488075000,1,31,29.3,80.0,13.0,1
1731488075000,1,4,37.1,345.0,81.0,1
1731488075000,1,8,23.5,149.0,52.0,1
1731488075000,1,9,40.3,320.0,49.0,1
1731488075000,1,26,40.2,46.0,8.0,1
1731488076000,1,3,24.4,208.0,26.0,1
1731488076000,1,7,38.4,305.0,23.0,1
1731488076000,1,16,33.7,30.0,35.0,1
1731488076000,1,27,40.0,90.0,50.0,1
1731488076000,1,31,28.2,80.0,13.0,1
1731488076000,1,4,39.1,345.0,81.0,1
1731488076000,1,8,23.5,149.0,52.0,1
1731488076000,1,9,40.3,320.0,49.0,1
1731488076000,1,26,40.6,46.0,8.0,1
1731488077000,1,7,39.8,305.0,23.0,1
1731488077000,1,8,34.5,149.0,52.0,1
1731488077000,1,16,34.9,30.0,35.0,1
1731488077000,1,31,28.2,80.0,13.0,1
1731488077000,1,3,27.4,208.0,26.0,1
1731488077000,1,4,41.4,345.0,81.0,1
1731488077000,1,9,40.9,320.0,49.0,1
1731488077000,1,26,41.0,46.0,8.0,1
1731488077000,1,27,21.7,90.0,50.0,1
1731488078000,1,7,40.7,305.0,23.0,1
1731488078000,1,16,38.8,30.0,35.0,1
1731488078000,1,31,26.9,80.0,13.0,1
1731488078000,1,3,23.3,208.0,26.0,1
1731488078000,1,4,43.7,345.0,81.0,1
1731488078000,1,8,30.4,149.0,52.0,1
1731488078000,1,9,41.3,320.0,49.0,1
1731488078000,1,26,40.0,46.0,8.0,1
1731488078000,1,27,27.6,90.0,50.0,1
1731488079000,1,7,39.8,305.0,23.0,1
1731488079000,1,16,41.1,30.0,35.0,1
1731488079000,1,31,29.9,80.0,13.0,1
1731488079000,1,3,25.8,208.0,26.0,1
1731488079000,1,4,43.6,345.0,81.0,1
1731488079000,1,8,28.1,149.0,52.0,1
1731488079000,1,9,41.9,320.0,49.0,1
1731488079000,1,26,41.3,46.0,8.0,1
1731488079000,1,27,35.9,90.0,50.0,1
1731488080000,1,7,41.0,305.0,23.0,1
1731488080000,1,16,32.3,30.0,35.0,1
1731488080000,1,31,28.6,80.0,13.0,1
1731488080000,1,3,27.5,208.0,26.0,1
1731488080000,1,4,38.9,345.0,81.0,1
1731488080000,1,8,26.9,149.0,52.0,1
1731488080000,1,9,40.8,320.0,49.0,1
1731488080000,1,26,40.7,46.0,8.0,1
1731488080000,1,27,32.3,90.0,50.0,1
1731488081000,1,7,39.8,305.0,23.0,1
1731488081000,1,16,30.8,30.0,35.0,1
1731488081000,1,31,29.0,80.0,13.0,1
1731488081000,1,3,27.5,208.0,26.0,1
1731488081000,1,4,32.7,345.0,81.0,1
1731488081000,1,8,25.3,149.0,52.0,1
1731488081000,1,9,38.6,320.0,49.0,1
1731488081000,1,26,37.4,46.0,8.0,1
1731488081000,1,27,31.2,90.0,50.0,1
1731488082000,1,3,25.3,208.0,26.0,1
1731488082000,1,7,39.4,305.0,23.0,1
1731488082000,1,16,29.9,30.0,35.0,1
1731488082000,1,31,32.8,80.0,13.0,1
1731488082000,1,4,36.3,345.0,81.0,1
1731488082000,1,8,31.6,149.0,52.0,1
1731488082000,1,9,41.5,320.0,49.0,1
1731488082000,1,26,40.4,46.0,8.0,1
1731488082000,1,27,36.1,90.0,50.0,1
1731488083000,1,7,39.2,305.0,23.0,1
1731488083000,1,16,31.9,30.0,35.0,1
1731488083000,1,31,28.1,80.0,13.0,1
1731488083000,1,3,29.3,208.0,26.0,1
1731488083000,1,4,41.1,345.0,81.0,1
1731488083000,1,8,27.6,149.0,52.0,1
1731488083000,1,9,41.1,320.0,49.0,1
1731488083000,1,26,40.5,46.0,8.0,1
1731488083000,1,27,34.1,90.0,50.0,1
1731488084000,1,7,38.4,305.0,23.0,1
1731488084000,1,16,37.9,30.0,35.0,1
1731488084000,1,31,28.8,80.0,13.0,1
1731488084000,1,3,33.9,208.0,26.0,1
1731488084000,1,4,41.2,345.0,81.0,1
1731488084000,1,8,29.3,149.0,52.0,1
1731488084000,1,9,39.7,320.0,49.0,1
1731488084000,1,26,40.9,46.0,8.0,1
1731488084000,1,27,36.7,90.0,50.0,1
1731488085000,1,7,37.0,305.0,23.0,1
1731488085000,1,16,36.5,30.0,35.0,1
1731488085000,1,27,39.9,90.0,50.0,1
1731488085000,1,31,31.5,80.0,13.0,1
1731488085000,1,3,35.2,208.0,26.0,1
1731488085000,1,4,40.7,345.0,81.0,1
1731488085000,1,8,32.7,149.0,52.0,1
1731488085000,1,9,40.2,320.0,49.0,1
1731488085000,1,26,41.4,46.0,8.0,1
1731488086000,1,3,31.8,208.0,26.0,1
1731488086000,1,7,36.6,305.0,23.0,1
1731488086000,1,16,35.4,30.0,35.0,1
1731488086000,1,31,31.6,80.0,13.0,1
1731488086000,1,4,40.2,345.0,81.0,1
1731488086000,1,8,32.7,149.0,52.0,1
1731488086000,1,9,39.6,320.0,49.0,1
1731488086000,1,26,41.0,46.0,8.0,1
1731488086000,1,27,37.7,90.0,50.0,1
1731488087000,1,7,37.2,305.0,23.0,1
1731488087000,1,16,38.1,30.0,35.0,1
1731488087000,1,31,28.6,80.0,13.0,1
1731488087000,1,3,36.0,208.0,26.0,1
1731488087000,1,4,41.7,345.0,81.0,1
1731488087000,1,8,33.8,149.0,52.0,1
1731488087000,1,9,40.1,320.0,49.0,1
1731488087000,1,26,41.1,46.0,8.0,1
1731488087000,1,27,36.9,90.0,50.0,1
1731488088000,1,7,36.5,305.0,23.0,1
1731488088000,1,16,40.5,30.0,35.0,1
1731488088000,1,31,31.1,80.0,13.0,1
1731488088000,1,3,35.6,208.0,26.0,1
1731488088000,1,4,43.2,345.0,81.0,1
1731488088000,1,8,35.6,149.0,52.0,1
1731488088000,1,9,40.8,320.0,49.0,1
1731488088000,1,26,41.2,46.0,8.0,1
1731488088000,1,27,34.6,90.0,50.0,1
1731488089000,1,7,40.0,305.0,23.0,1
1731488089000,1,16,33.4,30.0,35.0,1
1731488089000,1,31,30.0,80.0,13.0,1
1731488089000,1,3,33.2,208.0,26.0,1
1731488089000,1,4,41.1,345.0,81.0,1
1731488089000,1,8,28.1,149.0,52.0,1
1731488089000,1,9,42.3,320.0,49.0,1
1731488089000,1,26,39.2,46.0,8.0,1
1731488089000,1,27,34.0,90.0,50.0,1
1731488090000,1,3,29.6,208.0,26.0,1
1731488090000,1,7,39.0,305.0,23.0,1
1731488090000,1,16,36.5,30.0,35.0,1
1731488090000,1,31,31.6,80.0,13.0,1
1731488090000,1,4,42.3,345.0,81.0,1
1731488090000,1,8,32.7,149.0,52.0,1
1731488090000,1,9,41.3,320.0,49.0,1
1731488090000,1,26,40.3,46.0,8.0,1
1731488090000,1,27,32.9,90.0,50.0,1
1731488091000,1,7,38.1,305.0,23.0,1
1731488091000,1,16,41.3,30.0,35.0,1
1731488091000,1,31,31.4,80.0,13.0,1
1731488091000,1,3,30.1,208.0,26.0,1
1731488091000,1,4,44.3,345.0,81.0,1
1731488091000,1,8,34.0,149.0,52.0,1
1731488091000,1,9,41.6,320.0,49.0,1
1731488091000,1,26,40.7,46.0,8.0,1
1731488091000,1,27,36.2,90.0,50.0,1
1731488092000,1,7,38.5,305.0,23.0,1
1731488092000,1,16,42.4,30.0,35.0,1
1731488092000,1,31,23.9,80.0,13.0,1
1731488092000,1,3,34.2,208.0,26.0,1
1731488092000,1,4,44.9,345.0,81.0,1
1731488092000,1,8,34.4,149.0,52.0,1
1731488092000,1,9,42.8,320.0,49.0,1
1731488092000,1,26,37.0,46.0,8.0,1
1731488092000,1,27,36.1,90.0,50.0,1
1731488093000,1,3,29.2,208.0,26.0,1
1731488093000,1,7,41.6,305.0,23.0,1
1731488093000,1,16,35.9,30.0,35.0,1
1731488093000,1,27,39.4,90.0,50.0,1
1731488093000,1,31,22.2,80.0,13.0,1
1731488093000,1,4,38.8,345.0,81.0,1
1731488093000,1,8,35.1,149.0,52.0,1
1731488093000,1,9,42.9,320.0,49.0,1
1731488093000,1,26,38.8,46.0,8.0,1
1731488094000,1,7,38.1,305.0,23.0,1
1731488094000,1,16,32.4,30.0,35.0,1
1731488094000,1,31,29.1,80.0,13.0,1
1731488094000,1,3,32.1,208.0,26.0,1
1731488094000,1,4,39.9,345.0,81.0,1
1731488094000,1,8,26.4,149.0,52.0,1
1731488094000,1,9,39.9,320.0,49.0,1
1731488094000,1,26,40.0,46.0,8.0,1
1731488094000,1,27,35.1,90.0,50.0,1
1731488095000,1,7,33.6,305.0,23.0,1
1731488095000,1,16,36.2,30.0,35.0,1
1731488095000,1,31,27.2,80.0,13.0,1
1731488095000,1,3,34.6,208.0,26.0,1
1731488095000,1,4,42.4,345.0,81.0,1
1731488095000,1,8,32.9,149.0,52.0,1
1731488095000,1,9,41.2,320.0,49.0,1
1731488095000,1,26,40.7,46.0,8.0,1
1731488095000,1,27,31.8,90.0,50.0,1
1731488096000,1,3,31.8,208.0,26.0,1
1731488096000,1,7,39.5,305.0,23.0,1
1731488096000,1,16,31.7,30.0,35.0,1
1731488096000,1,31,24.7,80.0,13.0,1
1731488096000,1,4,40.5,345.0,81.0,1
1731488096000,1,8,30.6,149.0,52.0,1
1731488096000,1,9,39.5,320.0,49.0,1
1731488096000,1,26,38.9,46.0,8.0,1
1731488096000,1,27,32.7,90.0,50.0,1
1731488097000,1,7,38.6,305.0,23.0,1
1731488097000,1,16,39.1,30.0,35.0,1
1731488097000,1,31,29.8,80.0,13.0,1
1731488097000,1,3,33.7,208.0,26.0,1
1731488097000,1,4,41.9,345.0,81.0,1
1731488097000,1,8,32.7,149.0,52.0,1
1731488097000,1,9,39.5,320.0,49.0,1
1731488097000,1,26,39.5,46.0,8.0,1
1731488097000,1,27,33.1,90.0,50.0,1
1731488098000,1,7,36.2,305.0,23.0,1
1731488098000,1,16,38.5,30.0,35.0,1
1731488098000,1,31,24.6,80.0,13.0,1
1731488098000,1,3,30.9,208.0,26.0,1
1731488098000,1,4,42.1,345.0,81.0,1
1731488098000,1,8,27.6,149.0,52.0,1
1731488098000,1,9,39.7,320.0,49.0,1
1731488098000,1,26,40.5,46.0,8.0,1
1731488098000,1,27,36.0,90.0,50.0,1
1731488099000,1,7,38.9,305.0,23.0,1
1731488099000,1,16,33.9,30.0,35.0,1
1731488099000,1,31,26.9,80.0,13.0,1
1731488099000,1,3,30.7,208.0,26.0,1
1731488099000,1,4,39.9,345.0,81.0,1
1731488099000,1,8,25.4,149.0,52.0,1
1731488099000,1,9,40.9,320.0,49.0,1
1731488099000,1,26,40.4,46.0,8.0,1
1731488099000,1,27,37.3,90.0,50.0,1
1731488100000,1,7,37.4,306.0,23.0,1
1731488100000,1,16,41.1,32.0,35.0,1
1731488100000,1,31,31.5,81.0,12.0,1
1731488100000,1,3,34.6,208.0,24.0,1
1731488100000,1,4,41.8,347.0,82.0,1
1731488100000,1,8,22.7,149.0,52.0,1
1731488100000,1,9,39.3,320.0,49.0,1
1731488100000,1,26,40.3,46.0,7.0,1
1731488100000,1,27,36.8,88.0,50.0,1
1731488101000,1,7,39.4,306.0,23.0,1
1731488101000,1,8,30.8,149.0,52.0,1
1731488101000,1,16,40.8,32.0,35.0,1
1731488101000,1,31,31.6,81.0,12.0,1
1731488101000,1,3,35.2,208.0,24.0,1
1731488101000,1,4,42.2,347.0,82.0,1
1731488101000,1,9,38.4,320.0,49.0,1
1731488101000,1,26,41.0,46.0,7.0,1
1731488101000,1,27,33.5,88.0,50.0,1
1731488102000,1,7,39.8,306.0,23.0,1
1731488102000,1,16,39.4,32.0,35.0,1
1731488102000,1,31,30.9,81.0,12.0,1
1731488102000,1,3,35.9,208.0,24.0,1
1731488102000,1,4,41.7,347.0,82.0,1
1731488102000,1,8,22.7,149.0,52.0,1
1731488102000,1,9,39.7,320.0,49.0,1
1731488102000,1,26,40.9,46.0,7.0,1
1731488102000,1,27,35.1,88.0,50.0,1
1731488103000,1,7,37.8,306.0,23.0,1
1731488103000,1,16,37.9,32.0,35.0,1
1731488103000,1,31,28.0,81.0,12.0,1
1731488103000,1,3,33.7,208.0,24.0,1
1731488103000,1,4,41.6,347.0,82.0,1
1731488103000,1,8,26.9,149.0,52.0,1
1731488103000,1,9,39.4,320.0,49.0,1
1731488103000,1,26,41.9,46.0,7.0,1
1731488103000,1,27,34.8,88.0,50.0,1
1731488104000,1,7,37.6,306.0,23.0,1
1731488104000,1,16,40.5,32.0,35.0,1
1731488104000,1,31,28.0,81.0,12.0,1
1731488104000,1,3,31.5,208.0,24.0,1
1731488104000,1,4,42.8,347.0,82.0,1
1731488104000,1,8,29.8,149.0,52.0,1
1731488104000,1,9,40.1,320.0,49.0,1
1731488104000,1,26,41.3,46.0,7.0,1
1731488104000,1,27,30.7,88.0,50.0,1
1731488105000,1,7,40.3,306.0,23.0,1
1731488105000,1,16,42.2,32.0,35.0,1
1731488105000,1,31,19.5,81.0,12.0,1
1731488105000,1,3,34.4,208.0,24.0,1
1731488105000,1,4,43.4,347.0,82.0,1
1731488105000,1,8,26.1,149.0,52.0,1
1731488105000,1,9,40.6,320.0,49.0,1
1731488105000,1,26,39.8,46.0,7.0,1
1731488105000,1,27,26.7,88.0,50.0,1
1731488106000,1,7,41.2,306.0,23.0,1
1731488106000,1,16,43.3,32.0,35.0,1
1731488106000,1,31,19.5,81.0,12.0,1
1731488106000,1,3,31.2,208.0,24.0,1
1731488106000,1,4,44.2,347.0,82.0,1
1731488106000,1,8,35.9,149.0,52.0,1
1731488106000,1,9,40.2,320.0,49.0,1
1731488106000,1,26,41.7,46.0,7.0,1
1731488106000,1,27,29.6,88.0,50.0,1
1731488107000,1,7,39.8,306.0,23.0,1
1731488107000,1,16,43.0,32.0,35.0,1
1731488107000,1,31,0.0,81.0,12.0,1
1731488107000,1,3,31.6,208.0,24.0,1
1731488107000,1,4,44.7,347.0,82.0,1
1731488107000,1,8,35.3,149.0,52.0,1
1731488107000,1,9,39.9,320.0,49.0,1
1731488107000,1,26,40.7,46.0,7.0,1
1731488107000,1,27,31.9,88.0,50.0,1
1731488108000,1,7,39.4,306.0,23.0,1
1731488108000,1,16,43.3,32.0,35.0,1
1731488108000,1,31,0.0,81.0,12.0,1
1731488108000,1,3,31.6,208.0,24.0,1
1731488108000,1,4,44.9,347.0,82.0,1
1731488108000,1,8,35.5,149.0,52.0,1
1731488108000,1,9,39.5,320.0,49.0,1
1731488108000,1,26,40.6,46.0,7.0,1
1731488108000,1,27,30.4,88.0,50.0,1
1731488109000,1,7,37.7,306.0,23.0,1
1731488109000,1,16,42.8,32.0,35.0,1
1731488109000,1,31,0.0,81.0,12.0,1
1731488109000,1,3,34.4,208.0,24.0,1
1731488109000,1,4,45.2,347.0,82.0,1
1731488109000,1,8,34.1,149.0,52.0,1
1731488109000,1,9,39.5,320.0,49.0,1
1731488109000,1,26,39.5,46.0,7.0,1
1731488109000,1,27,29.9,88.0,50.0,1
1731488110000,1,7,36.1,306.0,23.0,1
1731488110000,1,16,42.3,32.0,35.0,1
1731488110000,1,3,35.8,208.0,24.0,1
1731488110000,1,4,45.2,347.0,82.0,1
1731488110000,1,8,32.7,149.0,52.0,1
1731488110000,1,9,39.1,320.0,49.0,1
1731488110000,1,26,39.0,46.0,7.0,1
1731488110000,1,27,29.9,88.0,50.0,1
1731488111000,1,7,36.9,306.0,23.0,1
1731488111000,1,16,42.6,32.0,35.0,1
1731488111000,1,27,27.5,88.0,50.0,1
1731488111000,1,3,35.8,208.0,24.0,1
1731488111000,1,4,45.4,347.0,82.0,1
1731488111000,1,8,33.2,149.0,52.0,1
1731488111000,1,9,39.4,320.0,49.0,1
1731488111000,1,26,39.4,46.0,7.0,1
1731488112000,1,7,38.1,306.0,23.0,1
1731488112000,1,16,42.7,32.0,35.0,1
1731488112000,1,27,29.5,88.0,50.0,1
1731488112000,1,3,34.9,208.0,24.0,1
1731488112000,1,4,45.2,347.0,82.0,1
1731488112000,1,8,33.6,149.0,52.0,1
1731488112000,1,9,40.0,320.0,49.0,1
1731488112000,1,26,39.6,46.0,7.0,1
1731488113000,1,7,36.8,306.0,23.0,1
1731488113000,1,16,42.1,32.0,35.0,1
1731488113000,1,3,34.9,208.0,24.0,1
1731488113000,1,4,45.2,347.0,82.0,1
1731488113000,1,8,32.6,149.0,52.0,1
1731488113000,1,9,39.6,320.0,49.0,1
1731488113000,1,26,39.1,46.0,7.0,1
1731488113000,1,27,31.4,88.0,50.0,1
1731488114000,1,7,37.7,306.0,23.0,1
1731488114000,1,16,42.0,32.0,35.0,1
1731488114000,1,27,34.4,88.0,50.0,1
1731488114000,1,3,31.1,208.0,24.0,1
1731488114000,1,4,44.8,347.0,82.0,1
1731488114000,1,8,34.9,149.0,52.0,1
1731488114000,1,9,39.5,320.0,49.0,1
1731488114000,1,26,40.2,46.0,7.0,1
1731488115000,1,7,37.1,306.0,23.0,1
1731488115000,1,16,41.5,32.0,35.0,1
1731488115000,1,3,28.8,208.0,24.0,1
1731488115000,1,4,43.3,347.0,82.0,1
1731488115000,1,8,33.1,149.0,52.0,1
1731488115000,1,9,37.4,320.0,49.0,1
1731488115000,1,26,39.0,46.0,7.0,1
1731488115000,1,27,31.0,88.0,50.0,1
1731488116000,1,7,37.7,306.0,23.0,1
1731488116000,1,16,40.9,32.0,35.0,1
1731488116000,1,3,25.4,208.0,24.0,1
1731488116000,1,4,42.1,347.0,82.0,1
1731488116000,1,8,32.1,149.0,52.0,1
1731488116000,1,9,37.5,320.0,49.0,1
1731488116000,1,26,39.5,46.0,7.0,1
1731488116000,1,27,30.9,88.0,50.0,1
1731488117000,1,7,39.3,306.0,23.0,1
1731488117000,1,16,41.4,32.0,35.0,1
1731488117000,1,3,32.1,208.0,24.0,1
1731488117000,1,4,43.4,347.0,82.0,1
1731488117000,1,8,27.0,149.0,52.0,1
1731488117000,1,9,41.3,320.0,49.0,1
1731488117000,1,26,41.4,46.0,7.0,1
1731488117000,1,27,29.0,88.0,50.0,1
1731488118000,1,7,40.7,306.0,23.0,1
1731488118000,1,8,30.0,149.0,52.0,1
1731488118000,1,16,42.5,32.0,35.0,1
1731488118000,1,3,32.6,208.0,24.0,1
1731488118000,1,4,43.1,347.0,82.0,1
1731488118000,1,9,41.2,320.0,49.0,1
1731488118000,1,26,41.3,46.0,7.0,1
1731488118000,1,27,30.1,88.0,50.0,1
1731488119000,1,7,34.8,306.0,23.0,1
1731488119000,1,16,38.5,32.0,35.0,1
1731488119000,1,31,31.4,81.0,12.0,1
1731488119000,1,3,33.8,208.0,24.0,1
1731488119000,1,4,42.3,347.0,82.0,1
1731488119000,1,8,29.5,149.0,52.0,1
1731488119000,1,9,38.7,320.0,49.0,1
1731488119000,1,26,40.2,46.0,7.0,1
1731488119000,1,27,30.1,88.0,50.0,1
1731488120000,1,3,28.4,208.0,24.0,1
1731488120000,1,7,35.4,306.0,23.0,1
1731488120000,1,16,33.2,32.0,35.0,1
1731488120000,1,31,33.0,81.0,12.0,1
1731488120000,1,8,0.0,149.0,52.0,1
1731488120000,1,4,38.7,347.0,82.0,1
1731488120000,1,9,37.6,320.0,49.0,1
1731488120000,1,26,39.8,46.0,7.0,1
1731488120000,1,27,30.4,88.0,50.0,1
1731488121000,1,7,38.0,306.0,23.0,1
1731488121000,1,16,22.7,32.0,35.0,1
1731488121000,1,31,32.6,81.0,12.0,1
1731488121000,1,3,27.2,208.0,24.0,1
1731488121000,1,4,35.4,347.0,82.0,1
1731488121000,1,8,25.4,149.0,52.0,1
1731488121000,1,9,39.3,320.0,49.0,1
1731488121000,1,26,40.5,46.0,7.0,1
1731488121000,1,27,30.7,88.0,50.0,1
1731488122000,1,7,37.7,306.0,23.0,1
1731488122000,1,16,27.4,32.0,35.0,1
1731488122000,1,31,30.6,81.0,12.0,1
1731488122000,1,3,29.5,208.0,24.0,1
1731488122000,1,4,35.9,347.0,82.0,1
1731488122000,1,8,26.8,149.0,52.0,1
1731488122000,1,9,39.0,320.0,49.0,1
1731488122000,1,26,39.7,46.0,7.0,1
1731488122000,1,27,34.4,88.0,50.0,1
1731488123000,1,7,37.7,306.0,23.0,1
1731488123000,1,16,22.1,32.0,35.0,1
1731488123000,1,27,40.3,88.0,50.0,1
1731488123000,1,31,29.1,81.0,12.0,1
1731488123000,1,3,24.1,208.0,24.0,1
1731488123000,1,4,36.1,347.0,82.0,1
1731488123000,1,8,24.2,149.0,52.0,1
1731488123000,1,9,39.3,320.0,49.0,1
1731488123000,1,26,40.0,46.0,7.0,1
1731488124000,1,7,37.7,306.0,23.0,1
1731488124000,1,16,25.0,32.0,35.0,1
1731488124000,1,27,40.1,88.0,50.0,1
1731488124000,1,31,29.4,81.0,12.0,1
1731488124000,1,3,25.6,208.0,24.0,1
1731488124000,1,4,35.1,347.0,82.0,1
1731488124000,1,8,26.8,149.0,52.0,1
1731488124000,1,9,39.6,320.0,49.0,1
1731488124000,1,26,40.3,46.0,7.0,1
1731488125000,1,3,27.8,208.0,24.0,1
1731488125000,1,7,37.4,306.0,23.0,1
1731488125000,1,16,32.9,32.0,35.0,1
1731488125000,1,31,27.1,81.0,12.0,1
1731488125000,1,4,39.4,347.0,82.0,1
1731488125000,1,8,21.7,149.0,52.0,1
1731488125000,1,9,39.1,320.0,49.0,1
1731488125000,1,26,41.2,46.0,7.0,1
1731488125000,1,27,33.0,88.0,50.0,1
1731488126000,1,7,36.9,306.0,23.0,1
1731488126000,1,16,40.0,32.0,35.0,1
1731488126000,1,31,26.7,81.0,12.0,1
1731488126000,1,3,30.3,208.0,24.0,1
1731488126000,1,4,40.8,347.0,82.0,1
1731488126000,1,8,27.4,149.0,52.0,1
1731488126000,1,9,40.0,320.0,49.0,1
1731488126000,1,26,41.5,46.0,7.0,1
1731488126000,1,27,33.9,88.0,50.0,1
1731488127000,1,7,38.9,306.0,23.0,1
1731488127000,1,16,40.6,32.0,35.0,1
1731488127000,1,31,29.4,81.0,12.0,1
1731488127000,1,3,32.5,208.0,24.0,1
1731488127000,1,4,40.9,347.0,82.0,1
1731488127000,1,8,26.8,149.0,52.0,1
1731488127000,1,9,40.8,320.0,49.0,1
1731488127000,1,26,40.9,46.0,7.0,1
1731488127000,1,27,30.8,88.0,50.0,1
1731488128000,1,7,39.2,306.0,23.0,1
1731488128000,1,16,39.5,32.0,35.0,1
1731488128000,1,31,30.3,81.0,12.0,1
1731488128000,1,3,33.7,208.0,24.0,1
1731488128000,1,4,41.7,347.0,82.0,1
1731488128000,1,8,31.6,149.0,52.0,1
1731488128000,1,9,40.3,320.0,49.0,1
1731488128000,1,26,40.9,46.0,7.0,1
1731488128000,1,27,33.4,88.0,50.0,1
1731488129000,1,7,38.2,306.0,23.0,1
1731488129000,1,16,39.2,32.0,35.0,1
1731488129000,1,31,28.7,81.0,12.0,1
1731488129000,1,3,34.0,208.0,24.0,1
1731488129000,1,4,41.0,347.0,82.0,1
1731488129000,1,8,24.4,149.0,52.0,1
1731488129000,1,9,40.1,320.0,49.0,1
1731488129000,1,26,41.1,46.0,7.0,1
1731488129000,1,27,32.7,88.0,50.0,1
1731488130000,1,7,38.1,306.0,23.0,1
1731488130000,1,8,31.9,149.0,52.0,1
1731488130000,1,16,39.8,32.0,35.0,1
1731488130000,1,31,29.0,81.0,12.0,1
1731488130000,1,3,33.6,208.0,24.0,1
1731488130000,1,4,41.3,347.0,82.0,1
1731488130000,1,9,40.4,320.0,49.0,1
1731488130000,1,26,41.4,46.0,7.0,1
1731488130000,1,27,33.5,88.0,50.0,1
1731488131000,1,7,36.2,306.0,23.0,1
1731488131000,1,16,38.3,32.0,35.0,1
1731488131000,1,31,25.7,81.0,12.0,1
1731488131000,1,3,33.8,208.0,24.0,1
1731488131000,1,4,41.2,347.0,82.0,1
1731488131000,1,8,33.3,149.0,52.0,1
1731488131000,1,9,40.3,320.0,49.0,1
1731488131000,1,26,41.4,46.0,7.0,1
1731488131000,1,27,33.9,88.0,50.0,1
1731488132000,1,7,38.7,306.0,23.0,1
1731488132000,1,16,39.2,32.0,35.0,1
1731488132000,1,31,28.7,81.0,12.0,1
1731488132000,1,3,31.5,208.0,24.0,1
1731488132000,1,4,41.8,347.0,82.0,1
1731488132000,1,8,27.2,149.0,52.0,1
1731488132000,1,9,40.6,320.0,49.0,1
1731488132000,1,26,41.7,46.0,7.0,1
1731488132000,1,27,32.7,88.0,50.0,1
1731488133000,1,7,38.5,306.0,23.0,1
1731488133000,1,16,36.4,32.0,35.0,1
1731488133000,1,31,27.6,81.0,12.0,1
1731488133000,1,3,31.0,208.0,24.0,1
1731488133000,1,4,40.8,347.0,82.0,1
1731488133000,1,8,27.1,149.0,52.0,1
1731488133000,1,9,40.2,320.0,49.0,1
1731488133000,1,26,41.1,46.0,7.0,1
1731488133000,1,27,35.8,88.0,50.0,1
1731488134000,1,7,38.3,306.0,23.0,1
1731488134000,1,16,30.4,32.0,35.0,1
1731488134000,1,31,28.2,81.0,12.0,1
1731488134000,1,3,32.5,208.0,24.0,1
1731488134000,1,4,38.9,347.0,82.0,1
1731488134000,1,8,32.3,149.0,52.0,1
1731488134000,1,9,40.6,320.0,49.0,1
1731488134000,1,26,39.9,46.0,7.0,1
1731488134000,1,27,34.4,88.0,50.0,1
1731488135000,1,7,39.0,306.0,23.0,1
1731488135000,1,16,40.0,32.0,35.0,1
1731488135000,1,27,33.3,88.0,50.0,1
1731488135000,1,31,23.1,81.0,12.0,1
1731488135000,1,3,33.7,208.0,24.0,1
1731488135000,1,4,40.8,347.0,82.0,1
1731488135000,1,8,34.4,149.0,52.0,1
1731488135000,1,9,43.1,320.0,49.0,1
1731488135000,1,26,39.7,46.0,7.0,1
1731488136000,1,7,38.0,306.0,23.0,1
1731488136000,1,16,32.8,32.0,35.0,1
1731488136000,1,31,27.1,81.0,12.0,1
1731488136000,1,3,32.5,208.0,24.0,1
1731488136000,1,4,36.8,347.0,82.0,1
1731488136000,1,8,37.2,149.0,52.0,1
1731488136000,1,9,39.6,320.0,49.0,1
1731488136000,1,26,37.8,46.0,7.0,1
1731488136000,1,27,22.7,88.0,50.0,1
1731488137000,1,7,36.3,306.0,23.0,1
1731488137000,1,16,36.3,32.0,35.0,1
1731488137000,1,31,26.3,81.0,12.0,1
1731488137000,1,3,38.0,208.0,24.0,1
1731488137000,1,4,40.5,347.0,82.0,1
1731488137000,1,8,39.9,149.0,52.0,1
1731488137000,1,9,37.9,320.0,49.0,1
1731488137000,1,26,36.6,46.0,7.0,1
1731488137000,1,27,36.9,88.0,50.0,1
1731488138000,1,7,36.3,306.0,23.0,1
1731488138000,1,16,32.7,32.0,35.0,1
1731488138000,1,27,30.0,88.0,50.0,1
1731488138000,1,31,25.1,81.0,12.0,1
1731488138000,1,3,38.2,208.0,24.0,1
1731488138000,1,4,37.9,347.0,82.0,1
1731488138000,1,8,39.8,149.0,52.0,1
1731488138000,1,9,39.6,320.0,49.0,1
1731488138000,1,26,35.7,46.0,7.0,1
1731488139000,1,7,36.6,306.0,23.0,1
1731488139000,1,16,33.4,32.0,35.0,1
1731488139000,1,31,24.7,81.0,12.0,1
1731488139000,1,3,39.8,208.0,24.0,1
1731488139000,1,4,31.7,347.0,82.0,1
1731488139000,1,8,38.5,149.0,52.0,1
1731488139000,1,9,38.5,320.0,49.0,1
1731488139000,1,26,32.8,46.0,7.0,1
1731488139000,1,27,33.8,88.0,50.0,1
1731488140000,1,7,33.8,306.0,23.0,1
1731488140000,1,16,31.1,32.0,35.0,1
1731488140000,1,31,24.7,81.0,12.0,1
1731488140000,1,3,38.0,208.0,24.0,1
1731488140000,1,4,27.3,347.0,82.0,1
1731488140000,1,8,33.9,149.0,52.0,1
1731488140000,1,9,37.7,320.0,49.0,1
1731488140000,1,26,33.7,46.0,7.0,1
1731488140000,1,27,25.8,88.0,50.0,1
1731488141000,1,7,37.0,306.0,23.0,1
1731488141000,1,16,35.8,32.0,35.0,1
1731488141000,1,31,24.7,81.0,12.0,1
1731488141000,1,3,35.0,208.0,24.0,1
1731488141000,1,4,34.5,347.0,82.0,1
1731488141000,1,8,25.9,149.0,52.0,1
1731488141000,1,9,37.8,320.0,49.0,1
1731488141000,1,26,33.2,46.0,7.0,1
1731488141000,1,27,25.7,88.0,50.0,1
1731488142000,1,7,37.8,306.0,23.0,1
1731488142000,1,16,38.1,32.0,35.0,1
1731488142000,1,27,36.6,88.0,50.0,1
1731488142000,1,31,0.0,81.0,12.0,1
1731488142000,1,3,33.0,208.0,24.0,1
1731488142000,1,4,37.0,347.0,82.0,1
1731488142000,1,8,24.2,149.0,52.0,1
1731488142000,1,9,36.4,320.0,49.0,1
1731488142000,1,26,33.0,46.0,7.0,1
1731488143000,1,7,38.2,306.0,23.0,1
1731488143000,1,16,36.2,32.0,35.0,1
1731488143000,1,31,0.0,81.0,12.0,1
1731488143000,1,3,33.1,208.0,24.0,1
1731488143000,1,4,36.7,347.0,82.0,1
1731488143000,1,8,24.2,149.0,52.0,1
1731488143000,1,9,37.0,320.0,49.0,1
1731488143000,1,26,36.0,46.0,7.0,1
1731488143000,1,27,33.5,88.0,50.0,1
1731488144000,1,7,36.5,306.0,23.0,1
1731488144000,1,16,35.8,32.0,35.0,1
1731488144000,1,31,26.2,81.0,12.0,1
1731488144000,1,3,37.9,208.0,24.0,1
1731488144000,1,4,37.1,347.0,82.0,1
1731488144000,1,8,32.3,149.0,52.0,1
1731488144000,1,9,39.1,320.0,49.0,1
1731488144000,1,26,35.5,46.0,7.0,1
1731488144000,1,27,30.7,88.0,50.0,1
1731488145000,1,7,38.5,306.0,23.0,1
1731488145000,1,16,29.2,32.0,35.0,1
1731488145000,1,27,33.4,88.0,50.0,1
1731488145000,1,31,24.8,81.0,12.0,1
1731488145000,1,3,37.1,208.0,24.0,1
1731488145000,1,4,37.5,347.0,82.0,1
1731488145000,1,8,40.3,149.0,52.0,1
1731488145000,1,9,39.2,320.0,49.0,1
1731488145000,1,26,36.0,46.0,7.0,1
1731488146000,1,7,38.2,306.0,23.0,1
1731488146000,1,16,33.0,32.0,35.0,1
1731488146000,1,31,27.2,81.0,12.0,1
1731488146000,1,3,38.2,208.0,24.0,1
1731488146000,1,4,37.8,347.0,82.0,1
1731488146000,1,8,42.2,149.0,52.0,1
1731488146000,1,9,38.0,320.0,49.0,1
1731488146000,1,26,35.6,46.0,7.0,1
1731488146000,1,27,30.5,88.0,50.0,1
1731488147000,1,7,34.7,306.0,23.0,1
1731488147000,1,16,34.1,32.0,35.0,1
1731488147000,1,31,30.7,81.0,12.0,1
1731488147000,1,27,0.0,88.0,50.0,1
1731488147000,1,3,38.8,208.0,24.0,1
1731488147000,1,4,36.4,347.0,82.0,1
1731488147000,1,8,39.3,149.0,52.0,1
1731488147000,1,9,38.1,320.0,49.0,1
1731488147000,1,26,34.8,46.0,7.0,1
1731488148000,1,7,31.8,306.0,23.0,1
1731488148000,1,16,29.9,32.0,35.0,1
1731488148000,1,31,31.3,81.0,12.0,1
1731488148000,1,3,38.7,208.0,24.0,1
1731488148000,1,4,33.1,347.0,82.0,1
1731488148000,1,8,39.3,149.0,52.0,1
1731488148000,1,9,37.3,320.0,49.0,1
1731488148000,1,26,33.9,46.0,7.0,1
1731488148000,1,27,30.6,88.0,50.0,1
1731488149000,1,7,35.8,306.0,23.0,1
1731488149000,1,16,32.1,32.0,35.0,1
1731488149000,1,27,27.7,88.0,50.0,1
1731488149000,1,31,31.7,82.0,12.0,1
1731488149000,1,3,38.7,208.0,24.0,1
1731488149000,1,4,36.5,347.0,82.0,1
1731488149000,1,8,39.1,147.0,53.0,1
1731488149000,1,9,37.6,320.0,49.0,1
1731488149000,1,26,35.2,46.0,7.0,1
1731488150000,1,7,37.9,306.0,23.0,1
1731488150000,1,16,35.0,32.0,35.0,1
1731488150000,1,31,26.9,82.0,12.0,1
1731488150000,1,3,39.1,208.0,24.0,1
1731488150000,1,4,36.9,347.0,82.0,1
1731488150000,1,8,38.9,147.0,53.0,1
1731488150000,1,9,38.9,320.0,49.0,1
1731488150000,1,26,36.4,46.0,7.0,1
1731488150000,1,27,30.4,88.0,50.0,1
1731488151000,1,7,39.6,306.0,23.0,1
1731488151000,1,16,37.4,32.0,35.0,1
1731488151000,1,31,27.2,82.0,12.0,1
1731488151000,1,3,39.4,208.0,24.0,1
1731488151000,1,4,40.8,347.0,82.0,1
1731488151000,1,8,39.3,147.0,53.0,1
1731488151000,1,9,38.0,320.0,49.0,1
1731488151000,1,26,36.5,46.0,7.0,1
1731488151000,1,27,30.0,88.0,50.0,1
1731488152000,1,7,40.0,306.0,23.0,1
1731488152000,1,16,38.7,32.0,35.0,1
1731488152000,1,31,30.5,82.0,12.0,1
1731488152000,1,3,35.7,208.0,24.0,1
1731488152000,1,4,42.9,347.0,82.0,1
1731488152000,1,8,40.9,147.0,53.0,1
1731488152000,1,9,38.6,320.0,49.0,1
1731488152000,1,26,35.8,46.0,7.0,1
1731488152000,1,27,26.7,88.0,50.0,1
1731488153000,1,7,36.4,306.0,23.0,1
1731488153000,1,16,33.9,32.0,35.0,1
1731488153000,1,31,31.1,82.0,12.0,1
1731488153000,1,3,37.4,208.0,24.0,1
1731488153000,1,4,38.9,347.0,82.0,1
1731488153000,1,8,39.6,147.0,53.0,1
1731488153000,1,9,38.0,320.0,49.0,1
1731488153000,1,26,33.6,46.0,7.0,1
1731488153000,1,27,26.8,88.0,50.0,1
1731488154000,1,7,37.4,306.0,23.0,1
1731488154000,1,16,33.1,32.0,35.0,1
1731488154000,1,31,27.5,82.0,12.0,1
1731488154000,1,3,36.9,208.0,24.0,1
1731488154000,1,4,35.7,347.0,82.0,1
1731488154000,1,8,39.3,147.0,53.0,1
1731488154000,1,9,36.3,320.0,49.0,1
1731488154000,1,26,34.0,46.0,7.0,1
1731488154000,1,27,31.0,88.0,50.0,1
1731488155000,1,3,34.2,208.0,24.0,1
1731488155000,1,7,39.2,306.0,23.0,1
1731488155000,1,16,33.2,32.0,35.0,1
1731488155000,1,31,25.4,82.0,12.0,1
1731488155000,1,4,37.0,347.0,82.0,1
1731488155000,1,8,40.3,147.0,53.0,1
1731488155000,1,9,35.2,320.0,49.0,1
1731488155000,1,26,37.0,46.0,7.0,1
1731488155000,1,27,31.8,88.0,50.0,1
1731488156000,1,7,37.8,306.0,23.0,1
1731488156000,1,16,35.8,32.0,35.0,1
1731488156000,1,31,29.2,82.0,12.0,1
1731488156000,1,3,34.9,208.0,24.0,1
1731488156000,1,4,40.1,347.0,82.0,1
1731488156000,1,8,40.7,147.0,53.0,1
1731488156000,1,9,37.8,320.0,49.0,1
1731488156000,1,26,35.0,46.0,7.0,1
1731488156000,1,27,32.2,88.0,50.0,1
1731488157000,1,7,39.1,306.0,23.0,1
1731488157000,1,16,37.8,32.0,35.0,1
1731488157000,1,31,28.8,82.0,12.0,1
1731488157000,1,3,36.9,208.0,24.0,1
1731488157000,1,4,40.8,347.0,82.0,1
1731488157000,1,8,37.1,147.0,53.0,1
1731488157000,1,9,37.8,320.0,49.0,1
1731488157000,1,26,34.9,46.0,7.0,1
1731488157000,1,27,25.2,88.0,50.0,1
1731488158000,1,7,40.5,306.0,23.0,1
1731488158000,1,16,40.8,32.0,35.0,1
1731488158000,1,31,28.8,82.0,12.0,1
1731488158000,1,3,34.1,208.0,24.0,1
1731488158000,1,4,42.8,347.0,82.0,1
1731488158000,1,8,39.7,147.0,53.0,1
1731488158000,1,9,41.4,320.0,49.0,1
1731488158000,1,26,35.5,46.0,7.0,1
1731488158000,1,27,33.9,88.0,50.0,1
1731488159000,1,7,42.7,306.0,23.0,1
1731488159000,1,16,41.5,32.0,35.0,1
1731488159000,1,27,37.8,88.0,50.0,1
1731488159000,1,31,0.0,82.0,12.0,1
1731488159000,1,3,41.8,208.0,24.0,1
1731488159000,1,4,37.0,347.0,82.0,1
1731488159000,1,8,36.7,147.0,53.0,1
1731488159000,1,9,43.3,320.0,49.0,1
1731488159000,1,26,35.5,46.0,7.0,1
1731488160000,1,7,42.9,306.0,23.0,1
1731488160000,1,16,42.0,32.0,35.0,1
1731488160000,1,27,39.6,88.0,50.0,1
1731488160000,1,31,0.0,82.0,12.0,1
1731488160000,1,3,42.9,208.0,24.0,1
1731488160000,1,4,38.7,347.0,82.0,1
1731488160000,1,8,39.1,147.0,53.0,1
1731488160000,1,9,42.3,320.0,49.0,1
1731488160000,1,26,33.2,46.0,7.0,1
1731488161000,1,7,43.2,306.0,23.0,1
1731488161000,1,16,42.1,32.0,35.0,1
1731488161000,1,27,38.0,88.0,50.0,1
1731488161000,1,31,0.0,82.0,12.0,1
1731488161000,1,3,42.4,208.0,24.0,1
1731488161000,1,4,42.7,347.0,82.0,1
1731488161000,1,8,39.4,147.0,53.0,1
1731488161000,1,9,42.0,320.0,49.0,1
1731488161000,1,26,34.7,46.0,7.0,1
1731488162000,1,7,39.0,306.0,23.0,1
1731488162000,1,16,38.2,32.0,35.0,1
1731488162000,1,27,33.9,88.0,50.0,1
1731488162000,1,31,0.0,82.0,12.0,1
1731488162000,1,3,41.6,208.0,24.0,1
1731488162000,1,4,42.0,347.0,82.0,1
1731488162000,1,8,40.1,147.0,53.0,1
1731488162000,1,9,39.2,320.0,49.0,1
1731488162000,1,26,34.3,46.0,7.0,1
1731488163000,1,7,39.2,306.0,23.0,1
1731488163000,1,16,37.1,32.0,35.0,1
1731488163000,1,27,32.6,88.0,50.0,1
1731488163000,1,31,0.0,82.0,12.0,1
1731488163000,1,3,41.7,208.0,24.0,1
1731488163000,1,4,32.6,347.0,82.0,1
1731488163000,1,8,33.9,147.0,53.0,1
1731488163000,1,9,36.5,320.0,49.0,1
1731488163000,1,26,36.0,46.0,7.0,1
1731488164000,1,4,35.6,347.0,82.0,1
1731488164000,1,7,40.1,306.0,23.0,1
1731488164000,1,16,34.4,32.0,35.0,1
1731488164000,1,27,27.7,88.0,50.0,1
1731488164000,1,3,41.1,208.0,24.0,1
1731488164000,1,8,32.7,147.0,53.0,1
1731488164000,1,9,36.9,320.0,49.0,1
1731488164000,1,26,35.2,46.0,7.0,1
1731488165000,1,7,40.0,306.0,23.0,1
1731488165000,1,16,27.2,32.0,34.0,1
1731488165000,1,3,36.1,208.0,24.0,1
1731488165000,1,4,37.4,347.0,82.0,1
1731488165000,1,8,40.2,147.0,53.0,1
1731488165000,1,9,37.1,320.0,50.0,1
1731488165000,1,26,35.9,46.0,7.0,1
1731488165000,1,27,34.1,87.0,50.0,1
1731488166000,1,7,40.8,306.0,23.0,1
1731488166000,1,16,36.5,32.0,34.0,1
1731488166000,1,27,31.9,87.0,50.0,1
1731488166000,1,3,35.8,208.0,24.0,1
1731488166000,1,4,41.0,347.0,82.0,1
1731488166000,1,8,41.6,147.0,53.0,1
1731488166000,1,9,39.7,320.0,50.0,1
1731488166000,1,26,35.4,46.0,7.0,1
1731488167000,1,3,33.3,208.0,24.0,1
1731488167000,1,7,40.0,306.0,23.0,1
1731488167000,1,16,35.7,32.0,34.0,1
1731488167000,1,27,34.1,87.0,50.0,1
1731488167000,1,4,40.3,347.0,82.0,1
1731488167000,1,8,40.8,147.0,53.0,1
1731488167000,1,9,38.3,320.0,50.0,1
1731488167000,1,26,34.6,46.0,7.0,1
1731488168000,1,7,39.6,306.0,23.0,1
1731488168000,1,16,36.4,32.0,34.0,1
1731488168000,1,3,33.8,208.0,24.0,1
1731488168000,1,4,40.6,347.0,82.0,1
1731488168000,1,8,40.0,147.0,53.0,1
1731488168000,1,9,37.3,320.0,50.0,1
1731488168000,1,26,35.9,46.0,7.0,1
1731488168000,1,27,34.4,87.0,50.0,1
1731488169000,1,7,38.4,306.0,23.0,1
1731488169000,1,16,37.3,32.0,34.0,1
1731488169000,1,3,33.5,208.0,24.0,1
1731488169000,1,4,41.9,347.0,82.0,1
1731488169000,1,8,40.7,147.0,53.0,1
1731488169000,1,9,37.4,320.0,50.0,1
1731488169000,1,26,36.8,46.0,7.0,1
1731488169000,1,27,34.4,87.0,50.0,1
1731488170000,1,3,32.5,208.0,24.0,1
1731488170000,1,7,39.4,306.0,23.0,1
1731488170000,1,16,38.1,32.0,34.0,1
1731488170000,1,4,42.4,347.0,82.0,1
1731488170000,1,8,40.2,147.0,53.0,1
1731488170000,1,9,35.8,320.0,50.0,1
1731488170000,1,26,36.3,46.0,7.0,1
1731488170000,1,27,34.4,87.0,50.0,1
1731488171000,1,7,43.3,306.0,23.0,1
1731488171000,1,8,21.8,147.0,53.0,1
1731488171000,1,16,38.7,32.0,34.0,1
1731488171000,1,31,23.2,82.0,12.0,1
1731488171000,1,3,31.1,208.0,24.0,1
1731488171000,1,4,41.8,347.0,82.0,1
1731488171000,1,9,40.9,320.0,50.0,1
1731488171000,1,26,34.8,46.0,7.0,1
1731488171000,1,27,29.2,87.0,50.0,1
1731488172000,1,7,40.0,306.0,23.0,1
1731488172000,1,8,28.6,147.0,53.0,1
1731488172000,1,16,37.2,32.0,34.0,1
1731488172000,1,31,27.4,82.0,12.0,1
1731488172000,1,3,30.5,208.0,24.0,1
1731488172000,1,4,37.5,347.0,82.0,1
1731488172000,1,9,38.0,320.0,50.0,1
1731488172000,1,26,35.1,46.0,7.0,1
1731488172000,1,27,29.0,87.0,50.0,1
1731488173000,1,7,42.0,306.0,23.0,1
1731488173000,1,8,25.1,147.0,53.0,1
1731488173000,1,16,36.5,32.0,34.0,1
1731488173000,1,31,28.4,82.0,12.0,1
1731488173000,1,3,35.7,208.0,24.0,1
1731488173000,1,4,41.9,347.0,82.0,1
1731488173000,1,9,37.6,320.0,50.0,1
1731488173000,1,26,36.4,46.0,7.0,1
1731488173000,1,27,32.5,87.0,50.0,1
1731488174000,1,7,43.5,306.0,23.0,1
1731488174000,1,8,24.5,147.0,53.0,1
1731488174000,1,16,34.7,32.0,34.0,1
1731488174000,1,31,27.4,82.0,12.0,1
1731488174000,1,3,39.7,208.0,24.0,1
1731488174000,1,4,41.9,347.0,82.0,1
1731488174000,1,9,39.0,320.0,50.0,1
1731488174000,1,26,32.9,46.0,7.0,1
1731488174000,1,27,29.3,87.0,50.0,1
1731488175000,1,7,43.1,306.0,23.0,1
1731488175000,1,16,32.9,32.0,34.0,1
1731488175000,1,27,36.4,87.0,50.0,1
1731488175000,1,31,24.4,82.0,12.0,1
1731488175000,1,3,40.5,208.0,24.0,1
1731488175000,1,4,41.1,347.0,82.0,1
1731488175000,1,8,39.3,147.0,53.0,1
1731488175000,1,9,38.4,320.0,50.0,1
1731488175000,1,26,33.2,46.0,7.0,1
1731488176000,1,7,42.1,306.0,23.0,1
1731488176000,1,16,27.6,32.0,34.0,1
1731488176000,1,27,36.3,87.0,50.0,1
1731488176000,1,31,25.7,82.0,12.0,1
1731488176000,1,3,39.9,208.0,24.0,1
1731488176000,1,4,39.3,347.0,82.0,1
1731488176000,1,8,38.2,147.0,53.0,1
1731488176000,1,9,36.4,320.0,50.0,1
1731488176000,1,26,34.1,46.0,7.0,1
1731488177000,1,7,41.8,306.0,23.0,1
1731488177000,1,16,24.8,32.0,34.0,1
1731488177000,1,27,36.9,87.0,50.0,1
1731488177000,1,31,28.7,82.0,12.0,1
1731488177000,1,3,40.4,208.0,24.0,1
1731488177000,1,4,36.7,347.0,82.0,1
1731488177000,1,8,36.7,147.0,53.0,1
1731488177000,1,9,35.5,320.0,50.0,1
1731488177000,1,26,34.0,46.0,7.0,1
1731488178000,1,7,42.6,306.0,23.0,1
1731488178000,1,16,27.8,32.0,34.0,1
1731488178000,1,27,37.1,87.0,50.0,1
1731488178000,1,31,0.0,82.0,12.0,1
1731488178000,1,3,39.5,208.0,24.0,1
1731488178000,1,4,39.9,347.0,82.0,1
1731488178000,1,8,39.4,147.0,53.0,1
1731488178000,1,9,38.2,320.0,50.0,1
1731488178000,1,26,34.9,46.0,7.0,1
1731488179000,1,7,42.1,306.0,23.0,1
1731488179000,1,8,30.0,147.0,53.0,1
1731488179000,1,16,36.8,32.0,34.0,1
1731488179000,1,31,0.0,82.0,12.0,1
1731488179000,1,3,37.2,208.0,24.0,1
1731488179000,1,4,42.9,347.0,82.0,1
1731488179000,1,9,37.9,320.0,50.0,1
1731488179000,1,26,34.9,46.0,7.0,1
1731488179000,1,27,31.0,87.0,50.0,1
1731488180000,1,7,41.6,306.0,23.0,1
1731488180000,1,8,29.0,147.0,53.0,1
1731488180000,1,16,37.1,32.0,34.0,1
1731488180000,1,27,27.0,87.0,50.0,1
1731488180000,1,31,24.2,82.0,12.0,1
1731488180000,1,3,36.8,208.0,24.0,1
1731488180000,1,4,44.4,347.0,82.0,1
1731488180000,1,9,37.8,320.0,50.0,1
1731488180000,1,26,34.5,46.0,7.0,1
1731488181000,1,7,42.2,306.0,23.0,1
1731488181000,1,16,32.4,32.0,34.0,1
1731488181000,1,31,29.5,82.0,12.0,1
1731488181000,1,3,35.5,208.0,24.0,1
1731488181000,1,4,43.5,347.0,82.0,1
1731488181000,1,8,37.9,147.0,53.0,1
1731488181000,1,9,40.5,320.0,50.0,1
1731488181000,1,26,31.7,46.0,7.0,1
1731488181000,1,27,31.0,87.0,50.0,1
1731488182000,1,7,41.2,306.0,23.0,1
1731488182000,1,16,27.2,32.0,34.0,1
1731488182000,1,31,29.8,82.0,12.0,1
1731488182000,1,3,33.2,208.0,24.0,1
1731488182000,1,4,41.1,347.0,82.0,1
1731488182000,1,8,37.0,147.0,53.0,1
1731488182000,1,9,40.4,320.0,50.0,1
1731488182000,1,26,34.5,46.0,7.0,1
1731488182000,1,27,31.1,87.0,50.0,1
1731488183000,1,7,41.0,306.0,23.0,1
1731488183000,1,16,29.6,32.0,34.0,1
1731488183000,1,31,30.3,82.0,12.0,1
1731488183000,1,3,34.9,208.0,24.0,1
1731488183000,1,4,41.2,347.0,82.0,1
1731488183000,1,8,37.6,147.0,53.0,1
1731488183000,1,9,39.6,320.0,50.0,1
1731488183000,1,26,32.8,46.0,7.0,1
1731488183000,1,27,29.9,87.0,50.0,1
1731488184000,1,7,41.5,306.0,23.0,1
1731488184000,1,16,32.9,32.0,34.0,1
1731488184000,1,31,26.9,82.0,12.0,1
1731488184000,1,3,36.3,208.0,24.0,1
1731488184000,1,4,43.4,347.0,82.0,1
1731488184000,1,8,37.0,147.0,53.0,1
1731488184000,1,9,39.0,320.0,50.0,1
1731488184000,1,26,31.4,46.0,7.0,1
1731488184000,1,27,22.7,87.0,50.0,1
1731488185000,1,7,41.7,306.0,23.0,1
1731488185000,1,16,27.8,32.0,34.0,1
1731488185000,1,31,21.7,82.0,12.0,1
1731488185000,1,3,36.6,208.0,24.0,1
1731488185000,1,4,42.8,347.0,82.0,1
1731488185000,1,8,36.2,147.0,53.0,1
1731488185000,1,9,38.8,320.0,50.0,1
1731488185000,1,26,31.3,46.0,7.0,1
1731488185000,1,27,26.5,87.0,50.0,1
1731488186000,1,3,29.9,208.0,24.0,1
1731488186000,1,7,42.0,306.0,23.0,1
1731488186000,1,16,28.2,32.0,34.0,1
1731488186000,1,27,29.7,87.0,50.0,1
1731488186000,1,31,0.0,82.0,12.0,1
1731488186000,1,4,44.0,347.0,82.0,1
1731488186000,1,8,36.8,147.0,53.0,1
1731488186000,1,9,38.4,320.0,50.0,1
1731488186000,1,26,33.2,46.0,7.0,1
1731488187000,1,3,32.7,208.0,24.0,1
1731488187000,1,7,42.0,306.0,23.0,1
1731488187000,1,16,32.6,32.0,34.0,1
1731488187000,1,27,31.5,87.0,50.0,1
1731488187000,1,31,0.0,82.0,12.0,1
1731488187000,1,4,45.3,347.0,82.0,1
1731488187000,1,8,34.8,147.0,53.0,1
1731488187000,1,9,39.3,320.0,50.0,1
1731488187000,1,26,35.2,46.0,7.0,1
1731488188000,1,7,41.3,306.0,23.0,1
1731488188000,1,8,33.2,147.0,53.0,1
1731488188000,1,16,24.8,32.0,34.0,1
1731488188000,1,31,0.0,82.0,12.0,1
1731488188000,1,3,37.9,208.0,24.0,1
1731488188000,1,4,43.6,347.0,82.0,1
1731488188000,1,9,38.9,320.0,50.0,1
1731488188000,1,26,35.4,46.0,7.0,1
1731488188000,1,27,30.6,87.0,50.0,1
1731488189000,1,7,40.2,306.0,23.0,1
1731488189000,1,8,22.6,147.0,53.0,1
1731488189000,1,16,33.8,32.0,34.0,1
1731488189000,1,31,24.9,82.0,12.0,1
1731488189000,1,3,39.1,208.0,24.0,1
1731488189000,1,4,42.2,347.0,82.0,1
1731488189000,1,9,34.9,320.0,50.0,1
1731488189000,1,26,35.2,46.0,7.0,1
1731488189000,1,27,26.4,87.0,50.0,1
1731488190000,1,7,40.8,306.0,23.0,1
1731488190000,1,8,29.2,147.0,53.0,1
1731488190000,1,16,35.0,32.0,34.0,1
1731488190000,1,31,27.2,82.0,12.0,1
1731488190000,1,3,38.9,208.0,24.0,1
1731488190000,1,4,43.7,347.0,82.0,1
1731488190000,1,9,36.1,320.0,50.0,1
1731488190000,1,26,32.2,46.0,7.0,1
1731488190000,1,27,24.5,87.0,50.0,1
1731488191000,1,7,41.7,306.0,23.0,1
1731488191000,1,8,32.2,147.0,53.0,1
1731488191000,1,16,33.4,32.0,34.0,1
1731488191000,1,27,31.5,87.0,50.0,1
1731488191000,1,31,25.5,82.0,12.0,1
1731488191000,1,3,38.2,208.0,24.0,1
1731488191000,1,4,43.2,347.0,82.0,1
1731488191000,1,9,36.3,320.0,50.0,1
1731488191000,1,26,32.4,46.0,7.0,1
1731488192000,1,3,35.0,208.0,24.0,1
1731488192000,1,7,39.4,306.0,23.0,1
1731488192000,1,8,28.0,147.0,53.0,1
1731488192000,1,16,29.6,32.0,34.0,1
1731488192000,1,31,27.0,82.0,12.0,1
1731488192000,1,4,41.0,347.0,82.0,1
1731488192000,1,9,35.1,320.0,50.0,1
1731488192000,1,26,31.8,46.0,7.0,1
1731488192000,1,27,27.5,87.0,50.0,1
1731488193000,1,7,39.7,306.0,23.0,1
1731488193000,1,8,31.2,147.0,53.0,1
1731488193000,1,16,35.1,32.0,34.0,1
1731488193000,1,27,36.7,87.0,50.0,1
1731488193000,1,31,0.0,82.0,12.0,1
1731488193000,1,3,39.3,208.0,24.0,1
1731488193000,1,4,29.8,347.0,82.0,1
1731488193000,1,9,33.4,320.0,50.0,1
1731488193000,1,26,34.2,46.0,7.0,1
1731488194000,1,7,39.9,306.0,23.0,1
1731488194000,1,16,33.0,32.0,34.0,1
1731488194000,1,31,0.0,82.0,12.0,1
1731488194000,1,3,39.1,208.0,24.0,1
1731488194000,1,4,40.2,347.0,82.0,1
1731488194000,1,8,38.0,147.0,53.0,1
1731488194000,1,9,39.1,320.0,50.0,1
1731488194000,1,26,35.6,46.0,7.0,1
1731488194000,1,27,30.0,87.0,50.0,1
1731488195000,1,7,40.6,306.0,23.0,1
1731488195000,1,16,36.3,32.0,34.0,1
1731488195000,1,27,31.8,87.0,50.0,1
1731488195000,1,31,27.2,82.0,12.0,1
1731488195000,1,3,38.8,208.0,24.0,1
1731488195000,1,4,43.8,347.0,82.0,1
1731488195000,1,8,41.5,147.0,53.0,1
1731488195000,1,9,38.9,320.0,50.0,1
1731488195000,1,26,34.8,46.0,7.0,1
1731488196000,1,7,41.1,306.0,23.0,1
1731488196000,1,16,35.3,32.0,34.0,1
1731488196000,1,27,35.4,87.0,50.0,1
1731488196000,1,31,23.1,82.0,12.0,1
1731488196000,1,3,37.3,208.0,24.0,1
1731488196000,1,4,35.0,347.0,82.0,1
1731488196000,1,8,38.5,147.0,53.0,1
1731488196000,1,9,39.0,320.0,50.0,1
1731488196000,1,26,34.9,46.0,7.0,1
1731488197000,1,7,39.8,306.0,23.0,1
1731488197000,1,16,36.4,32.0,34.0,1
1731488197000,1,31,27.3,82.0,12.0,1
1731488197000,1,3,36.5,208.0,24.0,1
1731488197000,1,4,39.3,347.0,82.0,1
1731488197000,1,8,40.1,147.0,53.0,1
1731488197000,1,9,43.0,320.0,50.0,1
1731488197000,1,26,35.9,46.0,7.0,1
1731488197000,1,27,35.9,87.0,50.0,1
1731488198000,1,7,37.8,306.0,23.0,1
1731488198000,1,16,38.6,32.0,34.0,1
1731488198000,1,27,33.4,87.0,50.0,1
1731488198000,1,31,29.5,82.0,12.0,1
1731488198000,1,3,35.6,208.0,24.0,1
1731488198000,1,4,42.0,347.0,82.0,1
1731488198000,1,8,37.4,147.0,53.0,1
1731488198000,1,9,42.0,320.0,50.0,1
1731488198000,1,26,36.7,46.0,7.0,1
1731488199000,1,7,41.1,306.0,23.0,1
1731488199000,1,16,37.1,32.0,34.0,1
1731488199000,1,31,29.1,82.0,12.0,1
1731488199000,1,3,35.6,208.0,24.0,1
1731488199000,1,4,41.4,347.0,82.0,1
1731488199000,1,8,39.4,147.0,53.0,1
1731488199000,1,9,42.1,320.0,50.0,1
1731488199000,1,26,36.7,46.0,7.0,1
1731488199000,1,27,37.3,87.0,50.0,1
1731488200000,1,7,41.3,306.0,23.0,1
1731488200000,1,16,34.2,32.0,34.0,1
1731488200000,1,31,26.8,82.0,12.0,1
1731488200000,1,3,35.5,208.0,24.0,1
1731488200000,1,4,41.8,347.0,82.0,1
1731488200000,1,8,36.8,147.0,53.0,1
1731488200000,1,9,41.9,320.0,50.0,1
1731488200000,1,26,33.3,46.0,7.0,1
1731488200000,1,27,36.0,87.0,50.0,1
1731488201000,1,7,38.8,306.0,23.0,1
1731488201000,1,16,31.2,32.0,34.0,1
1731488201000,1,27,34.2,87.0,50.0,1
1731488201000,1,31,26.8,82.0,12.0,1
1731488201000,1,3,35.5,208.0,24.0,1
1731488201000,1,4,40.8,347.0,82.0,1
1731488201000,1,8,39.3,147.0,53.0,1
1731488201000,1,9,42.3,320.0,50.0,1
1731488201000,1,26,32.5,46.0,7.0,1
1731488202000,1,7,41.3,306.0,23.0,1
1731488202000,1,16,33.9,32.0,34.0,1
1731488202000,1,27,33.2,87.0,50.0,1
1731488202000,1,31,0.0,82.0,12.0,1
1731488202000,1,3,36.2,208.0,24.0,1
1731488202000,1,4,38.8,347.0,82.0,1
1731488202000,1,8,38.1,147.0,53.0,1
1731488202000,1,9,41.5,320.0,50.0,1
1731488202000,1,26,29.8,46.0,7.0,1
1731488203000,1,7,40.5,306.0,23.0,1
1731488203000,1,16,38.6,32.0,34.0,1
1731488203000,1,31,0.0,82.0,12.0,1
1731488203000,1,3,36.3,208.0,24.0,1
1731488203000,1,4,36.6,347.0,82.0,1
1731488203000,1,8,35.1,147.0,53.0,1
1731488203000,1,9,41.4,320.0,50.0,1
1731488203000,1,26,31.3,46.0,7.0,1
1731488203000,1,27,30.9,87.0,50.0,1
1731488204000,1,7,38.8,306.0,23.0,1
1731488204000,1,16,37.8,32.0,34.0,1
1731488204000,1,27,34.7,87.0,50.0,1
1731488204000,1,31,25.2,82.0,12.0,1
1731488204000,1,3,33.3,208.0,24.0,1
1731488204000,1,4,36.6,347.0,82.0,1
1731488204000,1,8,37.7,147.0,53.0,1
1731488204000,1,9,42.6,320.0,50.0,1
1731488204000,1,26,33.9,46.0,7.0,1
1731488205000,1,7,38.3,306.0,23.0,1
1731488205000,1,16,34.4,32.0,34.0,1
1731488205000,1,31,23.5,82.0,12.0,1
1731488205000,1,3,34.7,208.0,24.0,1
1731488205000,1,4,37.2,347.0,82.0,1
1731488205000,1,8,41.7,147.0,53.0,1
1731488205000,1,9,43.1,320.0,50.0,1
1731488205000,1,26,37.4,46.0,7.0,1
1731488205000,1,27,32.1,87.0,50.0,1
1731488206000,1,7,40.0,306.0,23.0,1
1731488206000,1,16,32.1,32.0,34.0,1
1731488206000,1,31,23.5,82.0,12.0,1
1731488206000,1,3,36.5,208.0,24.0,1
1731488206000,1,4,39.9,347.0,82.0,1
1731488206000,1,8,42.7,147.0,53.0,1
1731488206000,1,9,42.7,320.0,50.0,1
1731488206000,1,26,37.2,46.0,7.0,1
1731488206000,1,27,33.9,87.0,50.0,1
1731488207000,1,7,41.5,306.0,23.0,1
1731488207000,1,16,31.0,32.0,34.0,1
1731488207000,1,31,19.8,82.0,12.0,1
1731488207000,1,3,35.5,208.0,24.0,1
1731488207000,1,4,40.2,347.0,82.0,1
1731488207000,1,8,42.7,147.0,53.0,1
1731488207000,1,9,42.4,320.0,50.0,1
1731488207000,1,26,37.3,46.0,7.0,1
1731488207000,1,27,34.3,87.0,50.0,1
1731488208000,1,7,41.7,306.0,23.0,1
1731488208000,1,16,31.8,32.0,34.0,1
1731488208000,1,31,0.0,82.0,12.0,1
1731488208000,1,3,36.0,208.0,24.0,1
1731488208000,1,4,39.0,347.0,82.0,1
1731488208000,1,8,40.9,147.0,53.0,1
1731488208000,1,9,41.1,320.0,50.0,1
1731488208000,1,26,35.5,46.0,7.0,1
1731488208000,1,27,33.2,87.0,50.0,1
1731488209000,1,7,40.8,306.0,23.0,1
1731488209000,1,16,37.4,32.0,34.0,1
1731488209000,1,31,0.0,82.0,12.0,1
1731488209000,1,3,36.8,208.0,24.0,1
1731488209000,1,4,35.2,347.0,82.0,1
1731488209000,1,8,37.0,147.0,53.0,1
1731488209000,1,9,42.1,320.0,50.0,1
1731488209000,1,26,33.7,46.0,7.0,1
1731488209000,1,27,30.0,87.0,50.0,1
1731488210000,1,7,39.2,306.0,23.0,1
1731488210000,1,16,38.2,32.0,34.0,1
1731488210000,1,31,26.0,82.0,12.0,1
1731488210000,1,3,39.1,208.0,24.0,1
1731488210000,1,4,32.6,347.0,82.0,1
1731488210000,1,8,36.9,147.0,53.0,1
1731488210000,1,9,40.4,320.0,50.0,1
1731488210000,1,26,35.6,46.0,7.0,1
1731488210000,1,27,30.9,87.0,50.0,1
1731488211000,1,3,36.2,208.0,24.0,1
1731488211000,1,7,42.8,306.0,23.0,1
1731488211000,1,16,37.5,32.0,34.0,1
1731488211000,1,31,27.5,82.0,12.0,1
1731488211000,1,4,42.0,347.0,82.0,1
1731488211000,1,8,39.9,147.0,53.0,1
1731488211000,1,9,41.7,320.0,50.0,1
1731488211000,1,26,34.7,46.0,7.0,1
1731488211000,1,27,30.0,87.0,50.0,1
1731488212000,1,7,43.9,306.0,23.0,1
1731488212000,1,16,38.0,32.0,34.0,1
1731488212000,1,31,0.0,82.0,12.0,1
1731488212000,1,3,38.8,208.0,24.0,1
1731488212000,1,4,43.1,347.0,82.0,1
1731488212000,1,8,39.1,147.0,53.0,1
1731488212000,1,9,41.6,320.0,50.0,1
1731488212000,1,26,35.3,46.0,7.0,1
1731488212000,1,27,37.5,87.0,50.0,1
1731488213000,1,7,40.6,306.0,23.0,1
1731488213000,1,16,38.2,32.0,34.0,1
1731488213000,1,31,0.0,82.0,12.0,1
1731488213000,1,3,37.5,208.0,24.0,1
1731488213000,1,4,40.4,347.0,82.0,1
1731488213000,1,8,40.3,147.0,53.0,1
1731488213000,1,9,41.4,320.0,50.0,1
1731488213000,1,26,34.1,46.0,7.0,1
1731488213000,1,27,32.5,87.0,50.0,1
1731488214000,1,7,41.5,306.0,23.0,1
1731488214000,1,16,30.4,32.0,34.0,1
1731488214000,1,31,0.0,82.0,12.0,1
1731488214000,1,3,36.7,208.0,24.0,1
1731488214000,1,4,41.2,347.0,82.0,1
1731488214000,1,8,41.4,147.0,53.0,1
1731488214000,1,9,39.9,320.0,50.0,1
1731488214000,1,26,32.2,46.0,7.0,1
1731488214000,1,27,32.0,87.0,50.0,1
1731488215000,1,7,44.1,306.0,23.0,1
1731488215000,1,16,28.9,32.0,34.0,1
1731488215000,1,31,0.0,82.0,12.0,1
1731488215000,1,3,38.1,208.0,24.0,1
1731488215000,1,4,42.5,347.0,82.0,1
1731488215000,1,8,40.9,147.0,53.0,1
1731488215000,1,9,42.6,320.0,50.0,1
1731488215000,1,26,34.1,46.0,7.0,1
1731488215000,1,27,32.1,87.0,50.0,1
1731488216000,1,7,42.3,306.0,23.0,1
1731488216000,1,16,32.8,32.0,34.0,1
1731488216000,1,31,27.0,82.0,12.0,1
1731488216000,1,3,39.3,208.0,24.0,1
1731488216000,1,4,44.6,347.0,82.0,1
1731488216000,1,8,41.1,147.0,53.0,1
1731488216000,1,9,42.5,320.0,50.0,1
1731488216000,1,26,35.3,46.0,7.0,1
1731488216000,1,27,35.0,87.0,50.0,1
1731488217000,1,7,41.7,306.0,23.0,1
1731488217000,1,16,36.6,32.0,34.0,1
1731488217000,1,31,29.3,82.0,12.0,1
1731488217000,1,3,38.9,208.0,24.0,1
1731488217000,1,4,43.9,347.0,82.0,1
1731488217000,1,8,41.6,147.0,53.0,1
1731488217000,1,9,42.1,320.0,50.0,1
1731488217000,1,26,34.8,46.0,7.0,1
1731488217000,1,27,32.3,87.0,50.0,1
1731488218000,1,7,42.5,306.0,23.0,1
1731488218000,1,16,39.2,32.0,34.0,1
1731488218000,1,27,30.7,87.0,50.0,1
1731488218000,1,31,25.5,82.0,12.0,1
1731488218000,1,3,37.9,208.0,24.0,1
1731488218000,1,4,42.1,347.0,82.0,1
1731488218000,1,8,39.7,147.0,53.0,1
1731488218000,1,9,41.4,320.0,50.0,1
1731488218000,1,26,34.3,46.0,7.0,1
1731488219000,1,7,41.1,306.0,23.0,1
1731488219000,1,16,36.2,32.0,34.0,1
1731488219000,1,31,0.0,82.0,12.0,1
1731488219000,1,3,36.0,208.0,24.0,1
1731488219000,1,4,41.6,347.0,82.0,1
1731488219000,1,8,40.7,147.0,53.0,1
1731488219000,1,9,40.4,320.0,50.0,1
1731488219000,1,26,36.3,46.0,7.0,1
1731488219000,1,27,36.7,87.0,50.0,1
1731488220000,1,7,41.5,306.0,23.0,1
1731488220000,1,16,38.1,32.0,34.0,1
1731488220000,1,31,0.0,82.0,12.0,1
1731488220000,1,3,36.4,208.0,24.0,1
1731488220000,1,4,41.8,347.0,82.0,1
1731488220000,1,8,39.8,147.0,53.0,1
1731488220000,1,9,41.5,320.0,50.0,1
1731488220000,1,26,36.9,46.0,7.0,1
1731488220000,1,27,36.4,87.0,50.0,1
1731488221000,1,7,41.6,306.0,23.0,1
1731488221000,1,16,38.4,32.0,34.0,1
1731488221000,1,31,0.0,82.0,12.0,1
1731488221000,1,3,38.2,208.0,24.0,1
1731488221000,1,4,43.0,347.0,82.0,1
1731488221000,1,8,42.1,147.0,53.0,1
1731488221000,1,9,41.9,320.0,50.0,1
1731488221000,1,26,34.2,46.0,7.0,1
1731488221000,1,27,32.4,87.0,50.0,1
1731488222000,1,7,42.4,306.0,23.0,1
1731488222000,1,16,31.2,32.0,34.0,1
1731488222000,1,31,30.0,82.0,12.0,1
1731488222000,1,3,36.9,208.0,24.0,1
1731488222000,1,4,41.6,347.0,82.0,1
1731488222000,1,8,43.3,147.0,53.0,1
1731488222000,1,9,40.1,320.0,50.0,1
1731488222000,1,26,35.5,46.0,7.0,1
1731488222000,1,27,33.3,87.0,50.0,1
1731488223000,1,7,39.1,306.0,23.0,1
1731488223000,1,16,35.8,32.0,34.0,1
1731488223000,1,31,0.0,82.0,12.0,1
1731488223000,1,3,33.8,208.0,24.0,1
1731488223000,1,4,36.9,347.0,82.0,1
1731488223000,1,8,41.0,147.0,53.0,1
1731488223000,1,9,40.1,320.0,50.0,1
1731488223000,1,26,35.4,46.0,7.0,1
1731488223000,1,27,31.9,87.0,50.0,1
1731488224000,1,7,37.1,306.0,23.0,1
1731488224000,1,16,40.5,32.0,34.0,1
1731488224000,1,31,0.0,82.0,12.0,1
1731488224000,1,3,33.4,208.0,24.0,1
1731488224000,1,4,37.0,347.0,82.0,1
1731488224000,1,8,39.9,147.0,53.0,1
1731488224000,1,9,40.6,320.0,50.0,1
1731488224000,1,26,33.3,46.0,7.0,1
1731488224000,1,27,26.8,87.0,50.0,1
1731488225000,1,7,42.3,306.0,23.0,1
1731488225000,1,8,34.6,147.0,53.0,1
1731488225000,1,16,42.1,32.0,34.0,1
1731488225000,1,31,27.8,82.0,12.0,1
1731488225000,1,3,29.9,208.0,24.0,1
1731488225000,1,4,34.7,347.0,82.0,1
1731488225000,1,9,39.7,320.0,50.0,1
1731488225000,1,26,33.0,46.0,7.0,1
1731488225000,1,27,29.0,87.0,50.0,1
1731488226000,1,7,42.3,306.0,23.0,1
1731488226000,1,16,40.1,32.0,34.0,1
1731488226000,1,31,28.0,82.0,12.0,1
1731488226000,1,3,31.3,208.0,24.0,1
1731488226000,1,4,32.3,347.0,82.0,1
1731488226000,1,8,41.9,147.0,53.0,1
1731488226000,1,9,40.7,320.0,50.0,1
1731488226000,1,26,35.2,46.0,7.0,1
1731488226000,1,27,34.0,87.0,50.0,1
1731488227000,1,7,41.5,306.0,23.0,1
1731488227000,1,16,36.3,32.0,34.0,1
1731488227000,1,31,29.3,82.0,12.0,1
1731488227000,1,3,33.0,208.0,24.0,1
1731488227000,1,4,33.9,347.0,82.0,1
1731488227000,1,8,42.9,147.0,53.0,1
1731488227000,1,9,39.9,320.0,50.0,1
1731488227000,1,26,34.2,46.0,7.0,1
1731488227000,1,27,28.5,87.0,50.0,1
1731488228000,1,7,42.1,306.0,23.0,1
1731488228000,1,16,37.3,32.0,34.0,1
1731488228000,1,31,0.0,82.0,12.0,1
1731488228000,1,3,31.6,208.0,24.0,1
1731488228000,1,4,25.9,347.0,82.0,1
1731488228000,1,8,38.7,147.0,53.0,1
1731488228000,1,9,38.1,320.0,50.0,1
1731488228000,1,26,31.1,46.0,7.0,1
1731488228000,1,27,30.2,87.0,50.0,1
1731488229000,1,7,45.0,306.0,23.0,1
1731488229000,1,16,34.7,32.0,34.0,1
1731488229000,1,31,0.0,82.0,12.0,1
1731488229000,1,3,31.3,208.0,24.0,1
1731488229000,1,4,35.0,347.0,82.0,1
1731488229000,1,8,36.5,147.0,53.0,1
1731488229000,1,9,41.2,320.0,50.0,1
1731488229000,1,26,34.4,46.0,7.0,1
1731488229000,1,27,30.7,87.0,50.0,1
1731488230000,1,7,45.3,306.0,23.0,1
1731488230000,1,16,36.4,32.0,34.0,1
1731488230000,1,27,35.3,87.0,50.0,1
1731488230000,1,31,0.0,82.0,12.0,1
1731488230000,1,3,32.3,208.0,24.0,1
1731488230000,1,4,41.2,347.0,82.0,1
1731488230000,1,8,38.2,147.0,53.0,1
1731488230000,1,9,41.6,320.0,50.0,1
1731488230000,1,26,34.3,46.0,7.0,1
1731488231000,1,7,44.9,306.0,23.0,1
1731488231000,1,16,35.3,32.0,34.0,1
1731488231000,1,27,32.7,87.0,50.0,1
1731488231000,1,31,0.0,82.0,12.0,1
1731488231000,1,3,32.9,208.0,24.0,1
1731488231000,1,4,42.3,347.0,82.0,1
1731488231000,1,8,42.1,147.0,53.0,1
1731488231000,1,9,42.2,320.0,50.0,1
1731488231000,1,26,34.1,46.0,7.0,1
1731488232000,1,7,44.9,306.0,23.0,1
1731488232000,1,16,37.3,32.0,34.0,1
1731488232000,1,27,33.4,87.0,50.0,1
1731488232000,1,31,25.3,82.0,12.0,1
1731488232000,1,3,27.2,208.0,24.0,1
1731488232000,1,4,37.0,347.0,82.0,1
1731488232000,1,8,38.3,147.0,53.0,1
1731488232000,1,9,41.0,320.0,50.0,1
1731488232000,1,26,28.6,46.0,7.0,1
1731488233000,1,7,40.0,306.0,23.0,1
1731488233000,1,16,38.3,32.0,34.0,1
1731488233000,1,27,32.1,87.0,50.0,1
1731488233000,1,31,26.4,82.0,12.0,1
1731488233000,1,3,34.2,208.0,24.0,1
1731488233000,1,4,34.5,347.0,82.0,1
1731488233000,1,8,37.7,147.0,53.0,1
1731488233000,1,9,39.9,320.0,50.0,1
1731488233000,1,26,31.7,46.0,7.0,1
1731488234000,1,7,37.9,306.0,23.0,1
1731488234000,1,16,38.3,32.0,34.0,1
1731488234000,1,31,26.4,82.0,12.0,1
1731488234000,1,3,35.6,208.0,24.0,1
1731488234000,1,4,34.6,347.0,82.0,1
1731488234000,1,8,36.9,147.0,53.0,1
1731488234000,1,9,39.7,320.0,50.0,1
1731488234000,1,26,31.7,46.0,7.0,1
1731488234000,1,27,30.1,87.0,50.0,1
1731488235000,1,7,38.1,306.0,23.0,1
1731488235000,1,16,40.8,32.0,34.0,1
1731488235000,1,31,24.7,82.0,12.0,1
1731488235000,1,3,36.4,208.0,24.0,1
1731488235000,1,4,36.5,347.0,82.0,1
1731488235000,1,8,36.3,147.0,53.0,1
1731488235000,1,9,39.5,320.0,50.0,1
1731488235000,1,26,31.1,46.0,7.0,1
1731488235000,1,27,24.3,87.0,50.0,1
1731488236000,1,7,38.0,306.0,23.0,1
1731488236000,1,16,37.3,32.0,34.0,1
1731488236000,1,31,21.7,82.0,12.0,1
1731488236000,1,3,36.8,208.0,24.0,1
1731488236000,1,4,36.6,347.0,82.0,1
1731488236000,1,8,36.4,147.0,53.0,1
1731488236000,1,9,40.6,320.0,50.0,1
1731488236000,1,26,32.9,46.0,7.0,1
1731488236000,1,27,27.9,87.0,50.0,1
1731488237000,1,7,42.3,306.0,23.0,1
1731488237000,1,16,40.9,32.0,34.0,1
1731488237000,1,31,0.0,82.0,12.0,1
1731488237000,1,3,31.5,208.0,24.0,1
1731488237000,1,4,32.1,347.0,82.0,1
1731488237000,1,8,40.9,147.0,53.0,1
1731488237000,1,9,40.0,320.0,50.0,1
1731488237000,1,26,36.7,46.0,7.0,1
1731488237000,1,27,27.2,87.0,50.0,1
1731488238000,1,4,40.5,347.0,82.0,1
1731488238000,1,7,42.1,306.0,23.0,1
1731488238000,1,16,37.0,32.0,34.0,1
1731488238000,1,27,30.1,87.0,50.0,1
1731488238000,1,31,26.8,82.0,12.0,1
1731488238000,1,3,33.6,208.0,24.0,1
1731488238000,1,8,41.2,147.0,53.0,1
1731488238000,1,9,41.9,320.0,50.0,1
1731488238000,1,26,37.6,46.0,7.0,1
1731488239000,1,7,42.9,306.0,23.0,1
1731488239000,1,16,36.9,32.0,34.0,1
1731488239000,1,31,26.9,82.0,12.0,1
1731488239000,1,3,34.5,208.0,24.0,1
1731488239000,1,4,37.1,347.0,82.0,1
1731488239000,1,8,41.2,147.0,53.0,1
1731488239000,1,9,41.2,320.0,50.0,1
1731488239000,1,26,37.5,46.0,7.0,1
1731488239000,1,27,31.3,87.0,50.0,1
1731488240000,1,7,42.8,306.0,23.0,1
1731488240000,1,16,37.1,32.0,34.0,1
1731488240000,1,27,31.3,87.0,50.0,1
1731488240000,1,31,26.3,82.0,12.0,1
1731488240000,1,3,34.7,208.0,24.0,1
1731488240000,1,4,39.1,347.0,82.0,1
1731488240000,1,8,42.2,147.0,53.0,1
1731488240000,1,9,41.0,320.0,50.0,1
1731488240000,1,26,37.4,46.0,7.0,1
1731488241000,1,7,42.7,306.0,23.0,1
1731488241000,1,16,41.8,32.0,34.0,1
1731488241000,1,27,31.4,87.0,50.0,1
1731488241000,1,31,26.3,82.0,12.0,1
1731488241000,1,3,29.1,208.0,24.0,1
1731488241000,1,4,35.7,347.0,82.0,1
1731488241000,1,8,39.0,147.0,53.0,1
1731488241000,1,9,40.5,320.0,50.0,1
1731488241000,1,26,34.0,46.0,7.0,1
1731488242000,1,7,43.8,306.0,23.0,1
1731488242000,1,16,38.8,32.0,34.0,1
1731488242000,1,31,0.0,82.0,12.0,1
1731488242000,1,3,32.5,208.0,24.0,1
1731488242000,1,4,36.6,347.0,82.0,1
1731488242000,1,8,39.6,147.0,53.0,1
1731488242000,1,9,41.1,320.0,50.0,1
1731488242000,1,26,33.4,46.0,7.0,1
1731488242000,1,27,33.3,87.0,50.0,1
1731488243000,1,7,42.3,306.0,23.0,1
1731488243000,1,16,38.3,32.0,34.0,1
1731488243000,1,31,0.0,82.0,12.0,1
1731488243000,1,3,26.7,208.0,24.0,1
1731488243000,1,4,38.7,347.0,82.0,1
1731488243000,1,8,25.2,147.0,53.0,1
1731488243000,1,9,41.0,320.0,50.0,1
1731488243000,1,26,34.5,46.0,7.0,1
1731488243000,1,27,29.9,87.0,50.0,1
1731488244000,1,7,42.7,306.0,23.0,1
1731488244000,1,8,32.9,147.0,53.0,1
1731488244000,1,16,37.3,32.0,34.0,1
1731488244000,1,27,33.3,87.0,50.0,1
1731488244000,1,31,0.0,82.0,12.0,1
1731488244000,1,3,27.6,208.0,24.0,1
1731488244000,1,4,33.4,347.0,82.0,1
1731488244000,1,9,39.4,320.0,50.0,1
1731488244000,1,26,32.9,46.0,7.0,1
1731488245000,1,3,32.1,208.0,24.0,1
1731488245000,1,7,42.4,306.0,23.0,1
1731488245000,1,8,31.8,147.0,53.0,1
1731488245000,1,16,38.1,32.0,34.0,1
1731488245000,1,27,36.1,87.0,50.0,1
1731488245000,1,31,0.0,82.0,12.0,1
1731488245000,1,4,36.8,347.0,82.0,1
1731488245000,1,9,40.8,320.0,50.0,1
1731488245000,1,26,31.4,46.0,7.0,1
1731488246000,1,7,43.5,306.0,23.0,1
1731488246000,1,16,38.6,32.0,34.0,1
1731488246000,1,27,37.9,87.0,50.0,1
1731488246000,1,31,26.6,82.0,12.0,1
1731488246000,1,3,25.7,208.0,24.0,1
1731488246000,1,4,37.6,347.0,82.0,1
1731488246000,1,8,27.8,147.0,53.0,1
1731488246000,1,9,42.0,320.0,50.0,1
1731488246000,1,26,32.1,46.0,7.0,1
