-9223372036854775808,1,7,40.5,309.0,24.0,1
-9223372036854775808,1,16,22.3,32.0,32.0,1
-9223372036854775808,1,31,16.3,84.0,11.0,1
-9223372036854775808,1,3,27.4,205.0,22.0,1
-9223372036854775808,1,4,34.6,347.0,86.0,1
-9223372036854775808,1,8,31.6,144.0,55.0,1
-9223372036854775808,1,9,30.9,319.0,52.0,1
-9223372036854775808,1,27,30.2,82.0,50.0,1
1731488531000,1,4,32.4,347.0,86.0,1
1731488531000,1,7,41.5,309.0,24.0,1
1731488531000,1,16,22.3,32.0,32.0,1
1731488531000,1,31,16.3,84.0,11.0,1
1731488531000,1,3,26.5,205.0,22.0,1
1731488531000,1,8,31.5,144.0,55.0,1
1731488531000,1,9,32.2,319.0,52.0,1
1731488531000,1,27,30.4,82.0,50.0,1
1731488532000,1,7,41.9,309.0,24.0,1
1731488532000,1,9,29.6,319.0,52.0,1
1731488532000,1,16,17.8,32.0,32.0,1
1731488532000,1,31,16.3,84.0,11.0,1
1731488532000,1,3,27.8,205.0,22.0,1
1731488532000,1,4,35.2,347.0,86.0,1
1731488532000,1,8,31.0,144.0,55.0,1
1731488532000,1,27,30.4,82.0,50.0,1
1731488533000,1,7,41.7,309.0,24.0,1
1731488533000,1,16,21.0,32.0,32.0,1
1731488533000,1,3,28.0,205.0,22.0,1
1731488533000,1,4,35.4,347.0,86.0,1
1731488533000,1,8,29.3,144.0,55.0,1
1731488533000,1,9,32.9,319.0,52.0,1
1731488533000,1,27,28.6,82.0,50.0,1
1731488534000,1,3,21.5,205.0,22.0,1
1731488534000,1,7,41.7,309.0,24.0,1
1731488534000,1,16,21.0,32.0,32.0,1
1731488534000,1,27,24.9,82.0,50.0,1
1731488534000,1,31,16.8,84.0,11.0,1
1731488534000,1,4,35.6,347.0,86.0,1
1731488534000,1,8,29.7,144.0,55.0,1
1731488534000,1,9,31.9,319.0,52.0,1
1731488535000,1,7,42.5,309.0,24.0,1
1731488535000,1,16,19.1,32.0,32.0,1
1731488535000,1,31,16.8,84.0,11.0,1
1731488535000,1,3,27.0,205.0,22.0,1
1731488535000,1,4,35.1,347.0,86.0,1
1731488535000,1,8,26.6,144.0,55.0,1
1731488535000,1,9,32.4,319.0,52.0,1
1731488535000,1,27,29.0,82.0,50.0,1
1731488536000,1,7,42.0,309.0,24.0,1
1731488536000,1,16,21.6,32.0,32.0,1
1731488536000,1,27,24.5,82.0,50.0,1
1731488536000,1,31,16.8,84.0,11.0,1
1731488536000,1,3,27.7,205.0,22.0,1
1731488536000,1,4,33.8,347.0,86.0,1
1731488536000,1,8,21.3,144.0,55.0,1
1731488536000,1,9,32.6,319.0,52.0,1
1731488537000,1,7,43.0,309.0,24.0,1
1731488537000,1,16,24.0,32.0,32.0,1
1731488537000,1,27,24.9,82.0,50.0,1
1731488537000,1,31,16.8,84.0,11.0,1
1731488537000,1,3,28.8,205.0,22.0,1
1731488537000,1,4,32.7,347.0,86.0,1
1731488537000,1,8,23.6,144.0,55.0,1
1731488537000,1,9,31.6,319.0,52.0,1
1731488538000,1,7,41.6,309.0,24.0,1
1731488538000,1,8,23.2,144.0,55.0,1
1731488538000,1,16,24.0,32.0,32.0,1
1731488538000,1,31,18.0,84.0,11.0,1
1731488538000,1,3,26.1,205.0,22.0,1
1731488538000,1,4,33.1,347.0,86.0,1
1731488538000,1,9,33.3,319.0,52.0,1
1731488538000,1,27,30.0,82.0,50.0,1
1731488539000,1,4,29.8,347.0,86.0,1
1731488539000,1,7,40.8,309.0,24.0,1
1731488539000,1,8,26.7,144.0,55.0,1
1731488539000,1,16,24.4,32.0,32.0,1
1731488539000,1,31,18.0,84.0,11.0,1
1731488539000,1,3,26.1,205.0,22.0,1
1731488539000,1,9,35.1,319.0,52.0,1
1731488539000,1,27,24.1,82.0,50.0,1
1731488540000,1,7,41.4,309.0,24.0,1
1731488540000,1,16,22.3,32.0,32.0,1
1731488540000,1,31,18.0,84.0,11.0,1
1731488540000,1,3,20.5,205.0,22.0,1
1731488540000,1,4,36.6,347.0,86.0,1
1731488540000,1,8,26.6,144.0,55.0,1
1731488540000,1,9,37.1,319.0,52.0,1
1731488540000,1,27,28.3,82.0,50.0,1
1731488541000,1,3,24.5,205.0,22.0,1
1731488541000,1,7,42.1,309.0,24.0,1
1731488541000,1,16,22.3,32.0,32.0,1
1731488541000,1,31,19.1,84.0,11.0,1
1731488541000,1,4,35.9,347.0,86.0,1
1731488541000,1,8,28.1,144.0,55.0,1
1731488541000,1,9,37.4,319.0,52.0,1
1731488541000,1,27,28.8,82.0,50.0,1
1731488542000,1,3,24.0,205.0,22.0,1
1731488542000,1,7,40.5,309.0,24.0,1
1731488542000,1,16,20.4,32.0,32.0,1
1731488542000,1,27,21.5,82.0,50.0,1
1731488542000,1,31,19.1,84.0,11.0,1
1731488542000,1,4,37.5,347.0,86.0,1
1731488542000,1,8,27.1,144.0,55.0,1
1731488542000,1,9,37.2,319.0,52.0,1
1731488543000,1,7,40.6,309.0,24.0,1
1731488543000,1,8,26.8,144.0,55.0,1
1731488543000,1,16,20.4,32.0,32.0,1
1731488543000,1,31,21.8,84.0,11.0,1
1731488543000,1,3,20.9,205.0,22.0,1
1731488543000,1,4,36.3,347.0,86.0,1
1731488543000,1,9,37.0,319.0,52.0,1
1731488543000,1,27,27.3,82.0,50.0,1
1731488544000,1,3,21.4,205.0,22.0,1
1731488544000,1,7,40.3,309.0,24.0,1
1731488544000,1,9,29.2,319.0,52.0,1
1731488544000,1,16,22.2,32.0,32.0,1
1731488544000,1,31,22.2,84.0,11.0,1
1731488544000,1,4,36.3,347.0,86.0,1
1731488544000,1,8,25.4,144.0,55.0,1
1731488544000,1,27,25.8,82.0,50.0,1
1731488545000,1,3,21.6,205.0,22.0,1
1731488545000,1,7,39.6,309.0,24.0,1
1731488545000,1,16,22.2,32.0,32.0,1
1731488545000,1,31,21.8,84.0,11.0,1
1731488545000,1,4,36.2,347.0,86.0,1
1731488545000,1,8,25.4,144.0,55.0,1
1731488545000,1,9,36.0,319.0,52.0,1
1731488545000,1,27,29.6,82.0,50.0,1
1731488546000,1,3,21.6,205.0,22.0,1
1731488546000,1,7,38.3,309.0,24.0,1
1731488546000,1,8,28.2,144.0,55.0,1
1731488546000,1,16,20.5,32.0,32.0,1
1731488546000,1,31,21.7,84.0,11.0,1
1731488546000,1,4,32.9,347.0,86.0,1
1731488546000,1,9,35.2,319.0,52.0,1
1731488546000,1,27,28.9,82.0,50.0,1
1731488547000,1,3,20.6,205.0,22.0,1
1731488547000,1,7,35.6,309.0,24.0,1
1731488547000,1,8,27.2,144.0,55.0,1
1731488547000,1,16,21.5,32.0,32.0,1
1731488547000,1,31,21.7,84.0,11.0,1
1731488547000,1,4,29.9,347.0,86.0,1
1731488547000,1,9,35.5,319.0,52.0,1
1731488547000,1,27,29.6,82.0,50.0,1
1731488548000,1,3,20.6,205.0,22.0,1
1731488548000,1,7,34.8,309.0,24.0,1
1731488548000,1,16,23.3,32.0,32.0,1
1731488548000,1,31,21.7,84.0,11.0,1
1731488548000,1,4,31.1,347.0,86.0,1
1731488548000,1,8,25.9,144.0,55.0,1
1731488548000,1,9,35.4,319.0,52.0,1
1731488548000,1,27,28.0,82.0,50.0,1
1731488549000,1,3,22.4,205.0,22.0,1
1731488549000,1,7,36.1,309.0,24.0,1
1731488549000,1,16,23.3,32.0,32.0,1
1731488549000,1,31,19.7,84.0,11.0,1
1731488549000,1,4,29.4,347.0,86.0,1
1731488549000,1,8,27.1,144.0,55.0,1
1731488549000,1,9,34.6,319.0,52.0,1
1731488549000,1,27,26.0,82.0,50.0,1
1731488550000,1,3,22.4,205.0,22.0,1
1731488550000,1,7,38.2,309.0,24.0,1
1731488550000,1,16,23.3,32.0,32.0,1
1731488550000,1,31,19.7,84.0,11.0,1
1731488550000,1,4,32.3,347.0,86.0,1
1731488550000,1,8,27.4,144.0,55.0,1
1731488550000,1,9,35.5,319.0,52.0,1
1731488550000,1,27,26.0,82.0,50.0,1
1731488551000,1,3,19.5,205.0,22.0,1
1731488551000,1,7,37.6,309.0,24.0,1
1731488551000,1,8,29.0,144.0,55.0,1
1731488551000,1,16,21.0,32.0,32.0,1
1731488551000,1,27,25.6,82.0,50.0,1
1731488551000,1,31,21.7,84.0,11.0,1
1731488551000,1,4,31.8,347.0,86.0,1
1731488551000,1,9,36.9,319.0,52.0,1
1731488552000,1,7,37.7,309.0,24.0,1
1731488552000,1,16,23.3,32.0,32.0,1
1731488552000,1,31,22.5,84.0,11.0,1
1731488552000,1,3,21.2,205.0,22.0,1
1731488552000,1,4,32.0,347.0,86.0,1
1731488552000,1,8,28.0,144.0,55.0,1
1731488552000,1,9,37.3,319.0,52.0,1
1731488552000,1,27,21.5,82.0,50.0,1
1731488553000,1,7,38.2,309.0,24.0,1
1731488553000,1,16,23.3,32.0,32.0,1
1731488553000,1,31,21.7,84.0,11.0,1
1731488553000,1,3,21.7,205.0,22.0,1
1731488553000,1,4,32.1,347.0,86.0,1
1731488553000,1,8,28.6,144.0,55.0,1
1731488553000,1,9,37.0,319.0,52.0,1
1731488553000,1,27,21.5,82.0,50.0,1
1731488554000,1,7,38.8,309.0,24.0,1
1731488554000,1,16,24.0,32.0,32.0,1
1731488554000,1,27,26.6,82.0,50.0,1
1731488554000,1,31,21.7,84.0,11.0,1
1731488554000,1,3,22.6,205.0,22.0,1
1731488554000,1,4,32.0,347.0,86.0,1
1731488554000,1,8,27.9,144.0,55.0,1
1731488554000,1,9,36.9,319.0,52.0,1
1731488555000,1,7,38.5,309.0,24.0,1
1731488555000,1,8,30.8,144.0,55.0,1
1731488555000,1,16,24.3,32.0,32.0,1
1731488555000,1,31,21.9,84.0,11.0,1
1731488555000,1,3,25.2,205.0,22.0,1
1731488555000,1,4,32.4,347.0,86.0,1
1731488555000,1,9,35.8,319.0,52.0,1
1731488555000,1,27,22.8,82.0,50.0,1
1731488556000,1,4,32.0,347.0,86.0,1
1731488556000,1,7,38.5,309.0,24.0,1
1731488556000,1,16,23.2,32.0,32.0,1
1731488556000,1,31,23.6,84.0,11.0,1
1731488556000,1,3,23.2,205.0,22.0,1
1731488556000,1,8,28.0,144.0,55.0,1
1731488556000,1,9,35.4,319.0,52.0,1
1731488556000,1,27,22.9,82.0,50.0,1
1731488557000,1,3,21.3,205.0,22.0,1
1731488557000,1,7,39.8,309.0,24.0,1
1731488557000,1,16,24.2,32.0,32.0,1
1731488557000,1,31,21.8,84.0,11.0,1
1731488557000,1,4,32.0,347.0,86.0,1
1731488557000,1,8,28.6,144.0,55.0,1
1731488557000,1,9,36.1,319.0,52.0,1
1731488557000,1,27,23.1,82.0,50.0,1
1731488558000,1,4,30.8,347.0,86.0,1
1731488558000,1,7,39.5,309.0,24.0,1
1731488558000,1,16,23.9,32.0,32.0,1
1731488558000,1,31,21.8,84.0,11.0,1
1731488558000,1,3,23.1,205.0,22.0,1
1731488558000,1,8,28.7,144.0,55.0,1
1731488558000,1,9,36.1,319.0,52.0,1
1731488558000,1,27,21.7,82.0,50.0,1
1731488559000,1,3,19.8,205.0,22.0,1
1731488559000,1,4,30.9,347.0,86.0,1
1731488559000,1,7,39.5,309.0,24.0,1
1731488559000,1,16,23.9,32.0,32.0,1
1731488559000,1,31,20.9,84.0,11.0,1
1731488559000,1,8,28.4,144.0,55.0,1
1731488559000,1,9,36.6,319.0,52.0,1
1731488559000,1,27,22.8,82.0,50.0,1
1731488560000,1,7,39.2,309.0,24.0,1
1731488560000,1,16,24.3,32.0,32.0,1
1731488560000,1,31,20.9,84.0,11.0,1
1731488560000,1,3,23.5,205.0,22.0,1
1731488560000,1,4,32.6,347.0,86.0,1
1731488560000,1,8,30.1,144.0,55.0,1
1731488560000,1,9,36.1,319.0,52.0,1
1731488560000,1,27,23.1,82.0,50.0,1
1731488561000,1,3,19.9,205.0,22.0,1
1731488561000,1,7,39.2,309.0,24.0,1
1731488561000,1,16,24.5,32.0,32.0,1
1731488561000,1,31,20.9,84.0,11.0,1
1731488561000,1,4,33.3,347.0,86.0,1
1731488561000,1,8,30.0,144.0,55.0,1
1731488561000,1,9,36.0,319.0,52.0,1
1731488561000,1,27,27.1,82.0,50.0,1
1731488562000,1,7,39.1,309.0,24.0,1
1731488562000,1,16,24.5,32.0,32.0,1
1731488562000,1,31,20.9,84.0,11.0,1
1731488562000,1,3,21.3,205.0,22.0,1
1731488562000,1,4,33.8,347.0,86.0,1
1731488562000,1,8,30.4,144.0,55.0,1
1731488562000,1,9,36.2,319.0,52.0,1
1731488562000,1,27,25.5,82.0,50.0,1
1731488563000,1,3,23.7,205.0,22.0,1
1731488563000,1,7,37.2,309.0,24.0,1
1731488563000,1,16,25.7,32.0,32.0,1
1731488563000,1,31,24.3,84.0,11.0,1
1731488563000,1,4,35.5,347.0,86.0,1
1731488563000,1,8,29.3,144.0,55.0,1
1731488563000,1,9,34.9,319.0,52.0,1
1731488563000,1,27,24.8,82.0,50.0,1
1731488564000,1,3,22.8,205.0,22.0,1
1731488564000,1,7,36.6,309.0,24.0,1
1731488564000,1,16,25.3,32.0,32.0,1
1731488564000,1,31,24.6,84.0,11.0,1
1731488564000,1,4,35.6,347.0,86.0,1
1731488564000,1,8,22.4,144.0,55.0,1
1731488564000,1,9,41.2,319.0,52.0,1
1731488564000,1,27,27.3,82.0,50.0,1
1731488565000,1,3,29.1,205.0,22.0,1
1731488565000,1,7,37.2,309.0,24.0,1
1731488565000,1,16,25.3,32.0,32.0,1
1731488565000,1,31,24.6,84.0,11.0,1
1731488565000,1,4,31.1,347.0,86.0,1
1731488565000,1,8,25.2,144.0,55.0,1
1731488565000,1,9,42.4,319.0,52.0,1
1731488565000,1,27,26.0,82.0,50.0,1
1731488566000,1,3,28.1,205.0,22.0,1
1731488566000,1,7,36.6,309.0,24.0,1
1731488566000,1,16,25.3,32.0,32.0,1
1731488566000,1,31,24.6,84.0,11.0,1
1731488566000,1,4,30.3,347.0,86.0,1
1731488566000,1,8,27.1,144.0,55.0,1
1731488566000,1,9,42.4,319.0,52.0,1
1731488566000,1,27,28.1,82.0,50.0,1
1731488567000,1,7,34.0,309.0,24.0,1
1731488567000,1,9,27.8,319.0,52.0,1
1731488567000,1,16,21.1,32.0,32.0,1
1731488567000,1,31,21.6,84.0,11.0,1
1731488567000,1,3,24.5,205.0,22.0,1
1731488567000,1,4,30.0,347.0,86.0,1
1731488567000,1,8,25.9,144.0,55.0,1
1731488567000,1,27,25.7,82.0,50.0,1
1731488568000,1,3,23.2,205.0,22.0,1
1731488568000,1,7,31.8,309.0,24.0,1
1731488568000,1,16,28.5,32.0,32.0,1
1731488568000,1,31,25.6,84.0,11.0,1
1731488568000,1,4,34.1,347.0,86.0,1
1731488568000,1,8,26.8,144.0,55.0,1
1731488568000,1,9,36.5,319.0,52.0,1
1731488568000,1,27,25.1,82.0,50.0,1
1731488569000,1,7,30.2,309.0,24.0,1
1731488569000,1,16,27.9,32.0,32.0,1
1731488569000,1,31,24.9,84.0,11.0,1
1731488569000,1,3,23.7,205.0,22.0,1
1731488569000,1,4,36.9,347.0,86.0,1
1731488569000,1,8,28.8,144.0,55.0,1
1731488569000,1,9,31.9,319.0,52.0,1
1731488569000,1,27,21.4,82.0,50.0,1
1731488570000,1,7,30.2,309.0,24.0,1
1731488570000,1,16,29.0,32.0,32.0,1
1731488570000,1,31,22.3,84.0,11.0,1
1731488570000,1,3,24.9,205.0,22.0,1
1731488570000,1,4,38.3,347.0,86.0,1
1731488570000,1,8,29.0,144.0,55.0,1
1731488570000,1,9,29.2,319.0,52.0,1
1731488570000,1,27,21.1,82.0,50.0,1
1731488571000,1,7,32.1,309.0,24.0,1
1731488571000,1,16,27.6,32.0,32.0,1
1731488571000,1,31,23.0,84.0,11.0,1
1731488571000,1,3,20.5,205.0,22.0,1
1731488571000,1,4,33.9,347.0,86.0,1
1731488571000,1,8,27.1,144.0,55.0,1
1731488571000,1,9,30.6,319.0,52.0,1
1731488571000,1,27,23.0,82.0,50.0,1
1731488572000,1,7,36.5,309.0,24.0,1
1731488572000,1,16,22.0,32.0,32.0,1
1731488572000,1,31,22.8,84.0,11.0,1
1731488572000,1,3,20.5,205.0,22.0,1
1731488572000,1,4,32.8,347.0,86.0,1
1731488572000,1,8,31.3,144.0,55.0,1
1731488572000,1,9,32.7,319.0,52.0,1
1731488572000,1,27,22.9,82.0,50.0,1
1731488573000,1,7,35.7,309.0,24.0,1
1731488573000,1,16,22.9,32.0,32.0,1
1731488573000,1,27,22.9,82.0,50.0,1
1731488573000,1,31,22.8,84.0,11.0,1
1731488573000,1,3,18.7,205.0,22.0,1
1731488573000,1,4,32.2,347.0,86.0,1
1731488573000,1,8,30.7,144.0,55.0,1
1731488573000,1,9,33.3,319.0,52.0,1
1731488574000,1,7,35.8,309.0,24.0,1
1731488574000,1,16,22.9,32.0,32.0,1
1731488574000,1,27,24.3,82.0,50.0,1
1731488574000,1,31,22.1,84.0,11.0,1
1731488574000,1,3,18.7,205.0,22.0,1
1731488574000,1,4,31.3,347.0,86.0,1
1731488574000,1,8,27.8,144.0,55.0,1
1731488574000,1,9,33.4,319.0,52.0,1
1731488575000,1,7,35.8,309.0,24.0,1
1731488575000,1,16,22.9,32.0,32.0,1
1731488575000,1,27,27.4,82.0,50.0,1
1731488575000,1,31,22.1,84.0,11.0,1
1731488575000,1,3,25.2,205.0,22.0,1
1731488575000,1,4,33.5,347.0,86.0,1
1731488575000,1,8,32.5,144.0,55.0,1
1731488575000,1,9,31.9,319.0,52.0,1
1731488576000,1,7,39.6,309.0,24.0,1
1731488576000,1,16,22.9,32.0,32.0,1
1731488576000,1,31,22.1,84.0,11.0,1
1731488576000,1,3,27.9,205.0,22.0,1
1731488576000,1,4,36.1,347.0,86.0,1
1731488576000,1,8,35.0,144.0,55.0,1
1731488576000,1,9,28.8,319.0,52.0,1
1731488576000,1,27,29.3,82.0,50.0,1
1731488577000,1,7,41.4,309.0,24.0,1
1731488577000,1,16,22.9,32.0,32.0,1
1731488577000,1,31,22.1,84.0,11.0,1
1731488577000,1,3,26.9,205.0,22.0,1
1731488577000,1,4,34.9,347.0,86.0,1
1731488577000,1,8,34.2,144.0,55.0,1
1731488577000,1,9,28.0,319.0,52.0,1
1731488577000,1,27,29.9,82.0,50.0,1
1731488578000,1,3,22.9,205.0,22.0,1
1731488578000,1,7,40.7,309.0,24.0,1
1731488578000,1,16,18.4,32.0,32.0,1
1731488578000,1,27,26.4,82.0,50.0,1
1731488578000,1,31,22.1,84.0,11.0,1
1731488578000,1,4,30.7,347.0,86.0,1
1731488578000,1,8,29.0,144.0,55.0,1
1731488578000,1,9,35.6,319.0,52.0,1
1731488579000,1,7,37.3,309.0,24.0,1
1731488579000,1,8,27.8,144.0,55.0,1
1731488579000,1,16,21.1,32.0,32.0,1
1731488579000,1,31,17.9,84.0,11.0,1
1731488579000,1,3,23.5,205.0,22.0,1
1731488579000,1,4,33.0,347.0,86.0,1
1731488579000,1,9,32.6,319.0,52.0,1
1731488579000,1,27,28.1,82.0,50.0,1
1731488580000,1,7,35.2,309.0,24.0,1
1731488580000,1,8,24.0,144.0,55.0,1
1731488580000,1,16,23.5,32.0,32.0,1
1731488580000,1,27,28.7,82.0,50.0,1
1731488580000,1,31,22.9,84.0,11.0,1
1731488580000,1,3,27.4,205.0,22.0,1
1731488580000,1,4,33.2,347.0,86.0,1
1731488580000,1,9,33.7,319.0,52.0,1
1731488581000,1,3,19.3,205.0,22.0,1
1731488581000,1,4,33.1,347.0,86.0,1
1731488581000,1,7,33.6,309.0,24.0,1
1731488581000,1,16,26.4,32.0,32.0,1
1731488581000,1,31,22.3,84.0,11.0,1
1731488581000,1,8,28.9,144.0,55.0,1
1731488581000,1,9,34.8,319.0,52.0,1
1731488581000,1,27,28.7,82.0,50.0,1
1731488582000,1,7,39.6,309.0,24.0,1
1731488582000,1,9,31.5,319.0,52.0,1
1731488582000,1,16,26.4,32.0,32.0,1
1731488582000,1,31,24.4,84.0,11.0,1
1731488582000,1,3,28.4,205.0,22.0,1
1731488582000,1,4,32.1,347.0,86.0,1
1731488582000,1,8,29.9,144.0,55.0,1
1731488582000,1,27,28.8,82.0,50.0,1
1731488583000,1,7,40.4,309.0,24.0,1
1731488583000,1,8,27.6,144.0,55.0,1
1731488583000,1,16,19.5,32.0,32.0,1
1731488583000,1,31,23.5,84.0,11.0,1
1731488583000,1,3,27.5,205.0,22.0,1
1731488583000,1,4,32.1,347.0,86.0,1
1731488583000,1,9,40.0,319.0,52.0,1
1731488583000,1,27,23.5,82.0,50.0,1
1731488584000,1,7,39.6,309.0,24.0,1
1731488584000,1,8,28.6,144.0,55.0,1
1731488584000,1,16,22.4,32.0,32.0,1
1731488584000,1,31,25.5,84.0,11.0,1
1731488584000,1,3,27.3,205.0,22.0,1
1731488584000,1,4,30.9,347.0,86.0,1
1731488584000,1,9,39.0,319.0,52.0,1
1731488584000,1,27,25.1,82.0,50.0,1
1731488585000,1,7,40.0,309.0,24.0,1
1731488585000,1,16,23.6,32.0,32.0,1
1731488585000,1,31,23.7,84.0,11.0,1
1731488585000,1,3,27.8,205.0,22.0,1
1731488585000,1,4,34.3,347.0,86.0,1
1731488585000,1,8,29.3,144.0,55.0,1
1731488585000,1,9,39.2,319.0,52.0,1
1731488585000,1,27,24.3,82.0,50.0,1
1731488586000,1,7,39.5,309.0,24.0,1
1731488586000,1,8,24.6,144.0,55.0,1
1731488586000,1,16,23.6,32.0,32.0,1
1731488586000,1,31,24.4,84.0,11.0,1
1731488586000,1,3,22.4,205.0,22.0,1
1731488586000,1,4,32.5,347.0,86.0,1
1731488586000,1,9,40.1,319.0,52.0,1
1731488586000,1,27,24.0,82.0,50.0,1
1731488587000,1,7,36.3,309.0,24.0,1
1731488587000,1,8,24.8,144.0,55.0,1
1731488587000,1,16,23.6,32.0,32.0,1
1731488587000,1,31,22.8,84.0,11.0,1
1731488587000,1,3,24.0,205.0,22.0,1
1731488587000,1,4,32.2,347.0,86.0,1
1731488587000,1,9,41.1,319.0,52.0,1
1731488587000,1,27,25.4,82.0,50.0,1
1731488588000,1,7,39.1,309.0,24.0,1
1731488588000,1,16,23.6,32.0,32.0,1
1731488588000,1,31,22.8,84.0,11.0,1
1731488588000,1,3,23.4,205.0,22.0,1
1731488588000,1,4,31.6,347.0,86.0,1
1731488588000,1,8,30.1,144.0,55.0,1
1731488588000,1,9,41.8,319.0,52.0,1
1731488588000,1,27,26.0,82.0,50.0,1
1731488589000,1,7,40.8,309.0,24.0,1
1731488589000,1,8,24.9,144.0,55.0,1
1731488589000,1,16,23.6,32.0,32.0,1
1731488589000,1,31,22.8,84.0,11.0,1
1731488589000,1,3,24.9,205.0,22.0,1
1731488589000,1,4,30.9,347.0,86.0,1
1731488589000,1,9,41.1,319.0,52.0,1
1731488589000,1,27,26.6,82.0,50.0,1
1731488590000,1,7,39.3,309.0,24.0,1
1731488590000,1,8,25.2,144.0,55.0,1
1731488590000,1,16,17.3,32.0,32.0,1
1731488590000,1,31,19.7,84.0,11.0,1
1731488590000,1,3,25.0,205.0,22.0,1
1731488590000,1,4,30.3,347.0,86.0,1
1731488590000,1,9,41.1,319.0,52.0,1
1731488590000,1,27,26.5,82.0,50.0,1
1731488591000,1,7,39.0,309.0,24.0,1
1731488591000,1,16,17.3,32.0,32.0,1
1731488591000,1,31,19.7,84.0,11.0,1
1731488591000,1,3,24.6,205.0,22.0,1
1731488591000,1,4,30.2,347.0,86.0,1
1731488591000,1,8,30.5,144.0,55.0,1
1731488591000,1,9,40.8,319.0,52.0,1
1731488591000,1,27,25.8,82.0,50.0,1
1731488592000,1,7,38.6,309.0,24.0,1
1731488592000,1,8,25.3,144.0,55.0,1
1731488592000,1,16,17.3,32.0,32.0,1
1731488592000,1,31,19.7,84.0,11.0,1
1731488592000,1,3,25.6,205.0,22.0,1
1731488592000,1,4,29.6,347.0,86.0,1
1731488592000,1,9,40.1,319.0,52.0,1
1731488592000,1,27,25.0,82.0,50.0,1
1731488593000,1,7,34.6,309.0,24.0,1
1731488593000,1,8,24.0,144.0,55.0,1
1731488593000,1,9,22.8,319.0,52.0,1
1731488593000,1,16,17.3,32.0,32.0,1
1731488593000,1,31,19.7,84.0,11.0,1
1731488593000,1,3,24.4,205.0,22.0,1
1731488593000,1,4,34.2,347.0,86.0,1
1731488593000,1,27,26.5,82.0,50.0,1
1731488594000,1,7,33.8,309.0,24.0,1
1731488594000,1,8,22.8,144.0,55.0,1
1731488594000,1,16,17.5,32.0,32.0,1
1731488594000,1,31,19.7,84.0,11.0,1
1731488594000,1,3,24.7,205.0,22.0,1
1731488594000,1,4,35.3,347.0,86.0,1
1731488594000,1,9,40.4,319.0,52.0,1
1731488594000,1,27,27.5,82.0,50.0,1
1731488595000,1,7,35.2,309.0,24.0,1
1731488595000,1,8,23.4,144.0,55.0,1
1731488595000,1,16,17.5,32.0,32.0,1
1731488595000,1,31,19.7,84.0,11.0,1
1731488595000,1,3,22.9,205.0,22.0,1
1731488595000,1,4,34.5,347.0,86.0,1
1731488595000,1,9,40.8,319.0,52.0,1
1731488595000,1,27,26.9,82.0,50.0,1
1731488596000,1,7,36.7,309.0,24.0,1
1731488596000,1,16,17.5,32.0,32.0,1
1731488596000,1,31,19.7,84.0,11.0,1
1731488596000,1,3,25.1,205.0,22.0,1
1731488596000,1,4,33.4,347.0,86.0,1
1731488596000,1,8,30.9,144.0,55.0,1
1731488596000,1,9,41.7,319.0,52.0,1
1731488596000,1,27,26.0,82.0,50.0,1
1731488597000,1,7,36.9,309.0,24.0,1
1731488597000,1,8,24.2,144.0,55.0,1
1731488597000,1,16,17.5,32.0,32.0,1
1731488597000,1,3,24.8,205.0,22.0,1
1731488597000,1,4,32.8,347.0,86.0,1
1731488597000,1,9,41.5,319.0,52.0,1
1731488597000,1,27,25.2,82.0,50.0,1
1731488598000,1,7,35.5,309.0,24.0,1
1731488598000,1,8,24.9,144.0,55.0,1
1731488598000,1,9,24.8,319.0,52.0,1
1731488598000,1,16,17.5,32.0,32.0,1
1731488598000,1,26,14.0,47.0,5.0,1
1731488598000,1,3,25.4,205.0,22.0,1
1731488598000,1,4,33.9,347.0,86.0,1
1731488598000,1,27,25.9,82.0,50.0,1
1731488599000,1,4,34.5,347.0,86.0,1
1731488599000,1,7,34.2,309.0,24.0,1
1731488599000,1,16,17.5,32.0,32.0,1
1731488599000,1,26,14.0,47.0,5.0,1
1731488599000,1,3,25.4,205.0,22.0,1
1731488599000,1,8,32.4,144.0,55.0,1
1731488599000,1,9,40.1,319.0,52.0,1
1731488599000,1,27,27.2,82.0,50.0,1
1731488600000,1,4,32.8,347.0,86.0,1
1731488600000,1,7,34.2,309.0,24.0,1
1731488600000,1,9,28.0,319.0,52.0,1
1731488600000,1,16,17.5,32.0,32.0,1
1731488600000,1,26,14.0,47.0,5.0,1
1731488600000,1,3,23.8,205.0,22.0,1
1731488600000,1,8,32.0,144.0,55.0,1
1731488600000,1,27,26.8,82.0,50.0,1
1731488601000,1,4,33.0,347.0,86.0,1
1731488601000,1,7,34.5,309.0,24.0,1
1731488601000,1,26,14.0,47.0,5.0,1
1731488601000,1,3,25.0,205.0,22.0,1
1731488601000,1,8,31.3,144.0,55.0,1
1731488601000,1,9,40.4,319.0,52.0,1
1731488601000,1,27,26.6,82.0,50.0,1
1731488602000,1,4,30.5,347.0,86.0,1
1731488602000,1,7,34.2,309.0,24.0,1
1731488602000,1,26,14.0,47.0,5.0,1
1731488602000,1,31,15.9,84.0,11.0,1
1731488602000,1,3,24.1,205.0,22.0,1
1731488602000,1,8,31.0,144.0,55.0,1
1731488602000,1,9,40.3,319.0,52.0,1
1731488602000,1,27,26.4,82.0,50.0,1
1731488603000,1,7,34.5,309.0,24.0,1
1731488603000,1,26,14.0,47.0,5.0,1
1731488603000,1,31,21.4,84.0,11.0,1
1731488603000,1,3,23.6,205.0,22.0,1
1731488603000,1,4,33.8,347.0,86.0,1
1731488603000,1,8,31.7,144.0,55.0,1
1731488603000,1,9,40.4,319.0,52.0,1
1731488603000,1,27,25.4,82.0,50.0,1
1731488604000,1,7,33.0,309.0,24.0,1
1731488604000,1,16,16.3,32.0,32.0,1
1731488604000,1,31,23.0,84.0,11.0,1
1731488604000,1,3,25.7,205.0,22.0,1
1731488604000,1,4,35.2,347.0,86.0,1
1731488604000,1,8,31.3,144.0,55.0,1
1731488604000,1,9,40.1,319.0,52.0,1
1731488604000,1,27,25.1,82.0,50.0,1
1731488605000,1,4,31.4,347.0,86.0,1
1731488605000,1,7,33.6,309.0,24.0,1
1731488605000,1,16,16.3,32.0,32.0,1
1731488605000,1,31,22.3,84.0,11.0,1
1731488605000,1,3,26.1,205.0,22.0,1
1731488605000,1,8,31.7,144.0,55.0,1
1731488605000,1,9,40.0,319.0,52.0,1
1731488605000,1,27,27.4,82.0,50.0,1
1731488606000,1,7,37.6,309.0,24.0,1
1731488606000,1,16,18.1,32.0,32.0,1
1731488606000,1,31,24.8,84.0,11.0,1
1731488606000,1,3,23.2,205.0,22.0,1
1731488606000,1,4,33.0,347.0,86.0,1
1731488606000,1,8,29.6,144.0,55.0,1
1731488606000,1,9,40.2,319.0,52.0,1
1731488606000,1,27,24.3,82.0,50.0,1
1731488607000,1,7,39.2,309.0,24.0,1
1731488607000,1,16,18.1,32.0,32.0,1
1731488607000,1,31,25.9,84.0,11.0,1
1731488607000,1,3,23.5,205.0,22.0,1
1731488607000,1,4,32.1,347.0,86.0,1
1731488607000,1,8,29.5,144.0,55.0,1
1731488607000,1,9,40.7,319.0,52.0,1
1731488607000,1,27,25.3,82.0,50.0,1
1731488608000,1,7,33.7,309.0,24.0,1
1731488608000,1,8,27.1,144.0,55.0,1
1731488608000,1,16,18.1,32.0,32.0,1
1731488608000,1,31,25.3,84.0,11.0,1
1731488608000,1,3,24.7,205.0,22.0,1
1731488608000,1,4,34.9,347.0,86.0,1
1731488608000,1,9,39.1,319.0,52.0,1
1731488608000,1,27,25.1,82.0,50.0,1
1731488609000,1,7,34.8,309.0,24.0,1
1731488609000,1,16,19.4,32.0,32.0,1
1731488609000,1,31,22.9,84.0,11.0,1
1731488609000,1,3,24.3,205.0,22.0,1
1731488609000,1,4,37.8,347.0,86.0,1
1731488609000,1,8,32.7,144.0,55.0,1
1731488609000,1,9,36.3,319.0,52.0,1
1731488609000,1,27,31.6,82.0,50.0,1
1731488610000,1,7,36.1,309.0,24.0,1
1731488610000,1,16,23.0,32.0,32.0,1
1731488610000,1,26,12.4,47.0,5.0,1
1731488610000,1,31,22.9,84.0,11.0,1
1731488610000,1,3,24.7,205.0,22.0,1
1731488610000,1,4,36.6,347.0,86.0,1
1731488610000,1,8,25.9,144.0,55.0,1
1731488610000,1,9,34.5,319.0,52.0,1
1731488610000,1,27,28.8,82.0,50.0,1
1731488611000,1,3,23.5,205.0,22.0,1
1731488611000,1,7,35.9,309.0,24.0,1
1731488611000,1,16,24.6,32.0,32.0,1
1731488611000,1,26,12.4,47.0,5.0,1
1731488611000,1,31,22.9,84.0,11.0,1
1731488611000,1,4,36.1,347.0,86.0,1
1731488611000,1,8,31.0,144.0,55.0,1
1731488611000,1,9,38.0,319.0,52.0,1
1731488611000,1,27,29.1,82.0,50.0,1
1731488612000,1,4,32.5,347.0,86.0,1
1731488612000,1,7,35.6,309.0,24.0,1
1731488612000,1,16,24.6,32.0,32.0,1
1731488612000,1,26,12.4,47.0,5.0,1
1731488612000,1,31,21.1,84.0,11.0,1
1731488612000,1,3,24.2,205.0,22.0,1
1731488612000,1,8,32.4,144.0,55.0,1
1731488612000,1,9,39.5,319.0,52.0,1
1731488612000,1,27,26.3,82.0,50.0,1
1731488613000,1,7,36.0,309.0,24.0,1
1731488613000,1,16,22.1,32.0,32.0,1
1731488613000,1,26,12.4,47.0,5.0,1
1731488613000,1,31,22.3,84.0,11.0,1
1731488613000,1,3,24.5,205.0,22.0,1
1731488613000,1,4,36.6,347.0,86.0,1
1731488613000,1,8,32.2,144.0,55.0,1
1731488613000,1,9,36.3,319.0,52.0,1
1731488613000,1,27,28.9,82.0,50.0,1
1731488614000,1,3,23.1,205.0,22.0,1
1731488614000,1,7,35.6,309.0,24.0,1
1731488614000,1,8,26.5,144.0,55.0,1
1731488614000,1,16,21.9,32.0,32.0,1
1731488614000,1,26,12.4,47.0,5.0,1
1731488614000,1,31,20.9,84.0,11.0,1
1731488614000,1,4,36.4,347.0,86.0,1
1731488614000,1,9,36.3,319.0,52.0,1
1731488614000,1,27,28.2,82.0,50.0,1
1731488615000,1,7,35.3,309.0,24.0,1
1731488615000,1,16,21.9,32.0,32.0,1
1731488615000,1,26,12.4,47.0,5.0,1
1731488615000,1,31,20.9,84.0,11.0,1
1731488615000,1,3,24.8,205.0,22.0,1
1731488615000,1,4,36.3,347.0,86.0,1
1731488615000,1,8,32.1,144.0,55.0,1
1731488615000,1,9,36.2,319.0,52.0,1
1731488615000,1,27,27.7,82.0,50.0,1
1731488616000,1,7,35.3,309.0,24.0,1
1731488616000,1,8,29.0,144.0,55.0,1
1731488616000,1,16,21.9,32.0,32.0,1
1731488616000,1,31,20.3,84.0,11.0,1
1731488616000,1,3,25.1,205.0,22.0,1
1731488616000,1,4,36.3,347.0,86.0,1
1731488616000,1,9,36.5,319.0,52.0,1
1731488616000,1,27,27.2,82.0,50.0,1
1731488617000,1,3,23.0,205.0,22.0,1
1731488617000,1,7,36.0,309.0,24.0,1
1731488617000,1,9,21.1,319.0,52.0,1
1731488617000,1,16,18.3,32.0,32.0,1
1731488617000,1,31,21.8,84.0,11.0,1
1731488617000,1,4,35.9,347.0,86.0,1
1731488617000,1,8,32.0,144.0,55.0,1
1731488617000,1,27,25.9,82.0,50.0,1
1731488618000,1,7,35.6,309.0,24.0,1
1731488618000,1,16,18.3,32.0,32.0,1
1731488618000,1,31,21.8,84.0,11.0,1
1731488618000,1,3,24.3,205.0,22.0,1
1731488618000,1,4,35.2,347.0,86.0,1
1731488618000,1,8,31.5,144.0,55.0,1
1731488618000,1,9,37.7,319.0,52.0,1
1731488618000,1,27,26.7,82.0,50.0,1
1731488619000,1,7,35.1,309.0,24.0,1
1731488619000,1,8,27.5,144.0,55.0,1
1731488619000,1,16,18.3,32.0,32.0,1
1731488619000,1,31,20.3,84.0,11.0,1
1731488619000,1,3,24.2,205.0,22.0,1
1731488619000,1,4,34.7,347.0,86.0,1
1731488619000,1,9,37.0,319.0,52.0,1
1731488619000,1,27,26.3,82.0,50.0,1
1731488620000,1,7,35.2,309.0,24.0,1
1731488620000,1,16,18.3,32.0,32.0,1
1731488620000,1,31,20.3,84.0,11.0,1
1731488620000,1,3,24.1,205.0,22.0,1
1731488620000,1,4,35.4,347.0,86.0,1
1731488620000,1,8,31.4,144.0,55.0,1
1731488620000,1,9,37.0,319.0,52.0,1
1731488620000,1,27,25.5,82.0,50.0,1
1731488621000,1,7,35.0,309.0,24.0,1
1731488621000,1,16,18.3,32.0,32.0,1
1731488621000,1,31,20.5,84.0,11.0,1
1731488621000,1,3,24.8,205.0,22.0,1
1731488621000,1,4,35.7,347.0,86.0,1
1731488621000,1,8,31.7,144.0,55.0,1
1731488621000,1,9,36.9,319.0,52.0,1
1731488621000,1,27,26.9,82.0,50.0,1
1731488622000,1,7,34.3,309.0,24.0,1
1731488622000,1,8,27.5,144.0,55.0,1
1731488622000,1,16,17.4,32.0,32.0,1
1731488622000,1,31,20.5,84.0,11.0,1
1731488622000,1,3,25.1,205.0,21.0,1
1731488622000,1,4,35.6,347.0,86.0,1
1731488622000,1,9,36.9,319.0,52.0,1
1731488622000,1,27,27.9,82.0,50.0,1
1731488623000,1,3,22.0,205.0,21.0,1
1731488623000,1,7,34.3,309.0,24.0,1
1731488623000,1,8,27.5,144.0,55.0,1
1731488623000,1,16,21.6,32.0,32.0,1
1731488623000,1,31,20.5,84.0,11.0,1
1731488623000,1,4,35.8,347.0,86.0,1
1731488623000,1,9,37.0,319.0,52.0,1
1731488623000,1,27,27.7,82.0,50.0,1
1731488624000,1,7,34.6,309.0,24.0,1
1731488624000,1,16,21.8,32.0,32.0,1
1731488624000,1,31,18.7,84.0,11.0,1
1731488624000,1,3,25.3,205.0,21.0,1
1731488624000,1,4,35.2,347.0,86.0,1
1731488624000,1,8,31.0,144.0,55.0,1
1731488624000,1,9,36.9,319.0,52.0,1
1731488624000,1,27,27.9,82.0,50.0,1
1731488625000,1,7,35.9,309.0,24.0,1
1731488625000,1,8,26.3,144.0,55.0,1
1731488625000,1,16,22.6,32.0,32.0,1
1731488625000,1,31,18.7,84.0,11.0,1
1731488625000,1,3,24.1,205.0,21.0,1
1731488625000,1,4,33.7,347.0,86.0,1
1731488625000,1,9,36.6,319.0,52.0,1
1731488625000,1,27,28.8,82.0,50.0,1
1731488626000,1,7,36.8,309.0,24.0,1
1731488626000,1,16,22.5,32.0,32.0,1
1731488626000,1,31,18.7,84.0,11.0,1
1731488626000,1,3,23.5,205.0,21.0,1
1731488626000,1,4,32.3,347.0,86.0,1
1731488626000,1,8,31.2,144.0,55.0,1
1731488626000,1,9,37.1,319.0,52.0,1
1731488626000,1,27,27.2,82.0,50.0,1
1731488627000,1,3,20.7,205.0,21.0,1
1731488627000,1,4,34.1,347.0,86.0,1
1731488627000,1,7,35.2,309.0,24.0,1
1731488627000,1,9,23.9,319.0,52.0,1
1731488627000,1,16,22.5,32.0,32.0,1
1731488627000,1,31,18.7,84.0,11.0,1
1731488627000,1,8,28.7,144.0,55.0,1
1731488627000,1,27,24.4,82.0,50.0,1
1731488628000,1,7,37.2,309.0,24.0,1
1731488628000,1,8,24.2,144.0,55.0,1
1731488628000,1,9,28.9,319.0,52.0,1
1731488628000,1,16,20.6,32.0,32.0,1
1731488628000,1,3,24.2,205.0,21.0,1
1731488628000,1,4,32.2,347.0,86.0,1
1731488628000,1,27,25.8,82.0,50.0,1
1731488629000,1,7,39.0,309.0,24.0,1
1731488629000,1,16,22.8,32.0,32.0,1
1731488629000,1,3,22.8,205.0,21.0,1
1731488629000,1,4,32.4,347.0,86.0,1
1731488629000,1,8,27.8,144.0,55.0,1
1731488629000,1,9,37.9,319.0,52.0,1
1731488629000,1,27,25.1,82.0,50.0,1
1731488630000,1,4,28.3,347.0,86.0,1
1731488630000,1,7,38.7,309.0,24.0,1
1731488630000,1,16,23.4,32.0,32.0,1
1731488630000,1,3,23.3,205.0,21.0,1
1731488630000,1,8,28.8,144.0,55.0,1
1731488630000,1,9,37.1,319.0,52.0,1
1731488630000,1,27,24.6,82.0,50.0,1
1731488631000,1,7,38.8,309.0,24.0,1
1731488631000,1,16,23.1,32.0,32.0,1
1731488631000,1,3,23.3,205.0,21.0,1
1731488631000,1,4,32.1,347.0,86.0,1
1731488631000,1,8,29.2,144.0,55.0,1
1731488631000,1,9,38.1,319.0,52.0,1
1731488631000,1,27,26.3,82.0,50.0,1
1731488632000,1,7,39.1,309.0,24.0,1
1731488632000,1,16,21.7,32.0,32.0,1
1731488632000,1,3,24.8,205.0,21.0,1
1731488632000,1,4,32.3,347.0,86.0,1
1731488632000,1,8,27.3,144.0,55.0,1
1731488632000,1,9,38.1,319.0,52.0,1
1731488632000,1,27,24.9,82.0,50.0,1
1731488633000,1,7,38.8,309.0,24.0,1
1731488633000,1,3,22.9,205.0,21.0,1
1731488633000,1,4,32.2,347.0,86.0,1
1731488633000,1,8,28.3,144.0,55.0,1
1731488633000,1,9,38.0,319.0,52.0,1
1731488633000,1,27,25.6,82.0,50.0,1
1731488634000,1,7,39.2,309.0,24.0,1
1731488634000,1,3,23.4,205.0,21.0,1
1731488634000,1,4,32.5,347.0,86.0,1
1731488634000,1,8,28.0,144.0,55.0,1
1731488634000,1,9,38.2,319.0,52.0,1
1731488634000,1,27,24.7,82.0,50.0,1
1731488635000,1,7,39.0,309.0,24.0,1
1731488635000,1,16,23.7,32.0,32.0,1
1731488635000,1,3,23.6,205.0,21.0,1
1731488635000,1,4,33.4,347.0,86.0,1
1731488635000,1,8,27.1,144.0,55.0,1
1731488635000,1,9,38.3,319.0,52.0,1
1731488635000,1,27,24.8,82.0,50.0,1
1731488636000,1,7,38.9,309.0,24.0,1
1731488636000,1,16,22.1,32.0,32.0,1
1731488636000,1,3,24.5,205.0,21.0,1
1731488636000,1,4,32.7,347.0,86.0,1
1731488636000,1,8,28.3,144.0,55.0,1
1731488636000,1,9,38.0,319.0,52.0,1
1731488636000,1,27,25.0,82.0,50.0,1
1731488637000,1,7,38.9,309.0,24.0,1
1731488637000,1,16,22.1,32.0,32.0,1
1731488637000,1,27,31.7,82.0,50.0,1
1731488637000,1,3,23.6,205.0,21.0,1
1731488637000,1,4,33.3,347.0,86.0,1
1731488637000,1,8,26.6,144.0,55.0,1
1731488637000,1,9,38.1,319.0,52.0,1
1731488638000,1,7,38.8,309.0,24.0,1
1731488638000,1,16,22.4,32.0,32.0,1
1731488638000,1,27,31.3,82.0,50.0,1
1731488638000,1,3,24.2,205.0,21.0,1
1731488638000,1,4,33.4,347.0,86.0,1
1731488638000,1,8,27.5,144.0,55.0,1
1731488638000,1,9,38.1,319.0,52.0,1
1731488639000,1,7,39.5,309.0,24.0,1
1731488639000,1,16,21.4,32.0,32.0,1
1731488639000,1,3,25.5,205.0,21.0,1
1731488639000,1,4,30.8,347.0,86.0,1
1731488639000,1,8,24.2,144.0,55.0,1
1731488639000,1,9,37.1,319.0,52.0,1
1731488639000,1,27,27.1,82.0,50.0,1
1731488640000,1,7,39.4,309.0,24.0,1
1731488640000,1,16,21.6,32.0,32.0,1
1731488640000,1,3,24.1,205.0,21.0,1
1731488640000,1,4,30.4,347.0,86.0,1
1731488640000,1,8,23.8,144.0,55.0,1
1731488640000,1,9,37.1,319.0,52.0,1
1731488640000,1,27,27.2,82.0,50.0,1
1731488641000,1,7,37.8,309.0,24.0,1
1731488641000,1,16,21.9,32.0,32.0,1
1731488641000,1,3,23.7,205.0,21.0,1
1731488641000,1,4,30.6,347.0,86.0,1
1731488641000,1,8,27.4,144.0,55.0,1
1731488641000,1,9,36.8,319.0,52.0,1
1731488641000,1,27,27.1,82.0,50.0,1
1731488642000,1,7,37.4,309.0,24.0,1
1731488642000,1,3,23.8,205.0,21.0,1
1731488642000,1,4,31.3,347.0,86.0,1
1731488642000,1,8,24.7,144.0,55.0,1
1731488642000,1,9,36.9,319.0,52.0,1
1731488642000,1,27,24.5,82.0,50.0,1
1731488643000,1,7,37.4,309.0,24.0,1
1731488643000,1,8,23.8,144.0,55.0,1
1731488643000,1,3,24.7,205.0,21.0,1
1731488643000,1,4,33.1,347.0,86.0,1
1731488643000,1,9,36.4,319.0,52.0,1
1731488643000,1,27,22.8,82.0,50.0,1
1731488644000,1,7,38.0,309.0,24.0,1
1731488644000,1,3,24.4,205.0,21.0,1
1731488644000,1,4,32.7,347.0,86.0,1
1731488644000,1,8,23.5,144.0,55.0,1
1731488644000,1,9,37.0,319.0,52.0,1
1731488644000,1,27,24.0,82.0,50.0,1
1731488645000,1,7,39.5,309.0,24.0,1
1731488645000,1,3,21.1,205.0,21.0,1
1731488645000,1,4,33.4,347.0,86.0,1
1731488645000,1,8,26.8,144.0,55.0,1
1731488645000,1,9,38.5,319.0,52.0,1
1731488645000,1,27,25.4,82.0,50.0,1
1731488646000,1,7,34.4,309.0,24.0,1
1731488646000,1,3,22.8,205.0,21.0,1
1731488646000,1,4,34.1,347.0,86.0,1
1731488646000,1,8,25.6,144.0,55.0,1
1731488646000,1,9,37.8,319.0,52.0,1
1731488646000,1,27,26.3,80.0,50.0,1
1731488647000,1,7,35.1,309.0,24.0,1
1731488647000,1,3,25.5,205.0,21.0,1
1731488647000,1,4,32.6,347.0,86.0,1
1731488647000,1,8,28.6,144.0,55.0,1
1731488647000,1,9,36.2,319.0,52.0,1
1731488647000,1,27,28.2,80.0,50.0,1
1731488648000,1,7,35.2,309.0,24.0,1
1731488648000,1,16,21.3,32.0,32.0,1
1731488648000,1,3,23.3,205.0,21.0,1
1731488648000,1,4,32.5,347.0,86.0,1
1731488648000,1,8,31.4,144.0,55.0,1
1731488648000,1,9,33.1,319.0,52.0,1
1731488648000,1,27,24.9,80.0,50.0,1
1731488649000,1,7,35.4,309.0,24.0,1
1731488649000,1,16,21.3,32.0,32.0,1
1731488649000,1,3,23.0,205.0,21.0,1
1731488649000,1,4,34.2,347.0,86.0,1
1731488649000,1,8,29.5,144.0,55.0,1
1731488649000,1,9,35.2,319.0,52.0,1
1731488649000,1,27,27.0,80.0,50.0,1
1731488650000,1,7,33.4,309.0,24.0,1
1731488650000,1,16,20.2,32.0,32.0,1
1731488650000,1,3,22.9,205.0,21.0,1
1731488650000,1,4,33.5,347.0,86.0,1
1731488650000,1,8,29.2,144.0,55.0,1
1731488650000,1,9,35.9,319.0,52.0,1
1731488650000,1,27,25.3,80.0,50.0,1
1731488651000,1,3,16.7,205.0,21.0,1
1731488651000,1,4,32.1,347.0,86.0,1
1731488651000,1,7,40.0,309.0,24.0,1
1731488651000,1,8,22.7,144.0,55.0,1
1731488651000,1,16,22.4,32.0,32.0,1
1731488651000,1,9,37.7,319.0,52.0,1
1731488651000,1,27,26.7,80.0,50.0,1
1731488652000,1,7,39.6,309.0,24.0,1
1731488652000,1,16,22.4,32.0,32.0,1
1731488652000,1,3,24.4,205.0,21.0,1
1731488652000,1,4,35.7,348.0,87.0,1
1731488652000,1,8,29.3,144.0,55.0,1
1731488652000,1,9,38.8,319.0,52.0,1
1731488652000,1,27,27.6,80.0,50.0,1
1731488653000,1,7,41.1,309.0,24.0,1
1731488653000,1,16,21.2,32.0,32.0,1
1731488653000,1,3,25.0,205.0,21.0,1
1731488653000,1,4,34.0,348.0,87.0,1
1731488653000,1,8,31.6,144.0,55.0,1
1731488653000,1,9,39.4,319.0,52.0,1
1731488653000,1,27,30.2,80.0,50.0,1
1731488654000,1,7,39.4,309.0,24.0,1
1731488654000,1,16,22.5,32.0,32.0,1
1731488654000,1,3,23.4,205.0,21.0,1
1731488654000,1,4,31.3,348.0,87.0,1
1731488654000,1,8,28.0,144.0,55.0,1
1731488654000,1,9,39.0,319.0,52.0,1
1731488654000,1,27,28.8,80.0,50.0,1
1731488655000,1,7,38.6,309.0,24.0,1
1731488655000,1,16,22.5,32.0,32.0,1
1731488655000,1,3,22.6,205.0,21.0,1
1731488655000,1,4,33.1,348.0,87.0,1
1731488655000,1,8,25.3,144.0,55.0,1
1731488655000,1,9,38.8,319.0,52.0,1
1731488655000,1,27,26.7,80.0,50.0,1
1731488656000,1,4,26.4,348.0,87.0,1
1731488656000,1,7,38.2,309.0,24.0,1
1731488656000,1,16,22.5,32.0,32.0,1
1731488656000,1,3,22.7,205.0,21.0,1
1731488656000,1,8,22.6,144.0,55.0,1
1731488656000,1,9,38.6,319.0,52.0,1
1731488656000,1,27,28.1,80.0,50.0,1
1731488657000,1,4,26.2,348.0,87.0,1
1731488657000,1,7,37.7,309.0,24.0,1
1731488657000,1,3,23.1,205.0,21.0,1
1731488657000,1,8,22.0,144.0,55.0,1
1731488657000,1,9,38.3,319.0,52.0,1
1731488657000,1,27,27.7,80.0,50.0,1
1731488658000,1,7,37.8,309.0,24.0,1
1731488658000,1,3,22.9,205.0,21.0,1
1731488658000,1,4,33.0,348.0,87.0,1
1731488658000,1,8,24.7,144.0,55.0,1
1731488658000,1,9,39.6,319.0,52.0,1
1731488658000,1,27,29.3,80.0,50.0,1
1731488659000,1,7,34.6,309.0,24.0,1
1731488659000,1,3,23.9,205.0,21.0,1
1731488659000,1,4,35.1,348.0,87.0,1
1731488659000,1,8,31.2,144.0,55.0,1
1731488659000,1,9,36.7,319.0,52.0,1
1731488659000,1,27,29.5,80.0,50.0,1
1731488660000,1,7,33.9,309.0,24.0,1
1731488660000,1,3,25.5,205.0,21.0,1
1731488660000,1,4,35.3,348.0,87.0,1
1731488660000,1,8,30.3,144.0,55.0,1
1731488660000,1,9,38.1,319.0,52.0,1
1731488660000,1,27,30.9,80.0,50.0,1
1731488661000,1,7,34.0,309.0,24.0,1
1731488661000,1,3,25.5,205.0,21.0,1
1731488661000,1,4,33.7,348.0,87.0,1
1731488661000,1,8,29.4,144.0,55.0,1
1731488661000,1,9,38.1,319.0,52.0,1
1731488661000,1,27,29.1,80.0,50.0,1
1731488662000,1,7,35.7,309.0,24.0,1
1731488662000,1,9,25.9,319.0,52.0,1
1731488662000,1,3,26.2,205.0,21.0,1
1731488662000,1,4,34.0,348.0,87.0,1
1731488662000,1,8,27.6,144.0,55.0,1
1731488662000,1,27,28.9,80.0,50.0,1
1731488663000,1,7,37.1,309.0,24.0,1
1731488663000,1,9,27.8,319.0,52.0,1
1731488663000,1,16,22.5,32.0,32.0,1
1731488663000,1,31,20.6,84.0,11.0,1
1731488663000,1,3,26.6,205.0,21.0,1
1731488663000,1,4,34.0,348.0,87.0,1
1731488663000,1,8,29.1,144.0,55.0,1
1731488663000,1,27,28.8,80.0,50.0,1
1731488664000,1,7,37.5,309.0,24.0,1
1731488664000,1,16,22.5,32.0,32.0,1
1731488664000,1,31,20.6,84.0,11.0,1
1731488664000,1,3,25.7,205.0,21.0,1
1731488664000,1,4,33.7,348.0,87.0,1
1731488664000,1,8,27.7,144.0,55.0,1
1731488664000,1,9,38.6,319.0,52.0,1
1731488664000,1,27,27.9,80.0,50.0,1
1731488665000,1,7,35.8,309.0,24.0,1
1731488665000,1,16,21.1,32.0,32.0,1
1731488665000,1,27,24.5,80.0,50.0,1
1731488665000,1,31,19.1,84.0,11.0,1
1731488665000,1,3,25.1,205.0,21.0,1
1731488665000,1,4,33.7,348.0,87.0,1
1731488665000,1,8,26.5,144.0,55.0,1
1731488665000,1,9,38.5,319.0,52.0,1
1731488666000,1,7,35.9,309.0,24.0,1
1731488666000,1,16,21.5,32.0,32.0,1
1731488666000,1,31,19.1,84.0,11.0,1
1731488666000,1,3,27.6,205.0,21.0,1
1731488666000,1,4,35.5,348.0,87.0,1
1731488666000,1,8,28.0,144.0,55.0,1
1731488666000,1,9,39.2,319.0,52.0,1
1731488666000,1,27,28.1,80.0,50.0,1
1731488667000,1,7,35.6,309.0,24.0,1
1731488667000,1,16,21.5,32.0,32.0,1
1731488667000,1,31,20.5,84.0,11.0,1
1731488667000,1,3,27.8,205.0,21.0,1
1731488667000,1,4,35.7,348.0,87.0,1
1731488667000,1,8,28.1,144.0,55.0,1
1731488667000,1,9,39.4,319.0,52.0,1
1731488667000,1,27,29.6,80.0,50.0,1
1731488668000,1,7,35.7,309.0,24.0,1
1731488668000,1,9,26.6,319.0,52.0,1
1731488668000,1,16,20.7,32.0,32.0,1
1731488668000,1,31,20.5,84.0,11.0,1
1731488668000,1,3,26.3,205.0,21.0,1
1731488668000,1,4,35.9,348.0,87.0,1
1731488668000,1,8,28.8,144.0,55.0,1
1731488668000,1,27,28.9,80.0,50.0,1
1731488669000,1,7,36.0,309.0,24.0,1
1731488669000,1,16,20.7,32.0,32.0,1
1731488669000,1,31,20.5,84.0,11.0,1
1731488669000,1,3,25.0,205.0,21.0,1
1731488669000,1,4,35.4,348.0,87.0,1
1731488669000,1,8,28.3,144.0,55.0,1
1731488669000,1,9,39.5,319.0,52.0,1
1731488669000,1,27,28.8,80.0,50.0,1
1731488670000,1,7,35.5,309.0,24.0,1
1731488670000,1,16,19.9,32.0,32.0,1
1731488670000,1,31,20.5,84.0,11.0,1
1731488670000,1,3,25.0,205.0,21.0,1
1731488670000,1,4,35.5,348.0,87.0,1
1731488670000,1,8,27.3,144.0,55.0,1
1731488670000,1,9,39.2,319.0,52.0,1
1731488670000,1,27,29.0,80.0,50.0,1
1731488671000,1,7,35.0,309.0,24.0,1
1731488671000,1,16,19.9,32.0,32.0,1
1731488671000,1,31,19.3,84.0,11.0,1
1731488671000,1,3,24.2,205.0,21.0,1
1731488671000,1,4,34.6,348.0,87.0,1
1731488671000,1,8,27.3,144.0,55.0,1
1731488671000,1,9,38.1,319.0,52.0,1
1731488671000,1,27,27.8,80.0,50.0,1
1731488672000,1,7,36.9,309.0,24.0,1
1731488672000,1,16,20.4,32.0,32.0,1
1731488672000,1,31,19.3,84.0,11.0,1
1731488672000,1,3,26.1,205.0,21.0,1
1731488672000,1,4,34.6,348.0,87.0,1
1731488672000,1,8,30.0,144.0,55.0,1
1731488672000,1,9,39.3,319.0,52.0,1
1731488672000,1,27,29.0,80.0,50.0,1
1731488673000,1,7,39.0,309.0,24.0,1
1731488673000,1,16,20.4,32.0,32.0,1
1731488673000,1,31,19.3,84.0,11.0,1
1731488673000,1,3,28.1,205.0,21.0,1
1731488673000,1,4,35.2,348.0,87.0,1
1731488673000,1,8,30.4,144.0,55.0,1
1731488673000,1,9,38.3,319.0,52.0,1
1731488673000,1,27,28.9,80.0,50.0,1
1731488674000,1,7,35.9,309.0,24.0,1
1731488674000,1,16,22.4,32.0,32.0,1
1731488674000,1,31,18.9,84.0,11.0,1
1731488674000,1,3,28.1,205.0,21.0,1
1731488674000,1,4,35.4,348.0,87.0,1
1731488674000,1,8,28.6,144.0,55.0,1
1731488674000,1,9,40.6,319.0,52.0,1
1731488674000,1,27,28.9,80.0,50.0,1
1731488675000,1,7,40.5,309.0,24.0,1
1731488675000,1,16,25.2,32.0,32.0,1
1731488675000,1,31,22.1,84.0,11.0,1
1731488675000,1,3,21.3,205.0,21.0,1
1731488675000,1,4,38.8,348.0,87.0,1
1731488675000,1,8,28.2,144.0,55.0,1
1731488675000,1,9,34.3,319.0,52.0,1
1731488675000,1,27,25.5,80.0,50.0,1
1731488676000,1,7,40.5,309.0,24.0,1
1731488676000,1,8,25.0,144.0,55.0,1
1731488676000,1,16,27.4,32.0,32.0,1
1731488676000,1,31,22.1,84.0,11.0,1
1731488676000,1,3,21.3,205.0,21.0,1
1731488676000,1,4,36.4,348.0,87.0,1
1731488676000,1,9,36.0,319.0,52.0,1
1731488676000,1,27,26.3,80.0,50.0,1
1731488677000,1,7,36.6,309.0,24.0,1
1731488677000,1,16,23.6,32.0,32.0,1
1731488677000,1,31,22.1,84.0,11.0,1
1731488677000,1,3,23.8,205.0,21.0,1
1731488677000,1,4,36.7,348.0,87.0,1
1731488677000,1,8,31.2,144.0,55.0,1
1731488677000,1,9,29.9,319.0,52.0,1
1731488677000,1,27,24.7,80.0,50.0,1
1731488678000,1,7,37.0,309.0,24.0,1
1731488678000,1,16,23.6,32.0,32.0,1
1731488678000,1,27,32.6,80.0,50.0,1
1731488678000,1,3,20.3,205.0,21.0,1
1731488678000,1,4,36.9,348.0,87.0,1
1731488678000,1,8,33.5,144.0,55.0,1
1731488678000,1,9,25.1,319.0,52.0,1
1731488679000,1,7,37.3,309.0,24.0,1
1731488679000,1,16,23.6,32.0,32.0,1
1731488679000,1,3,22.0,205.0,21.0,1
1731488679000,1,4,38.1,348.0,87.0,1
1731488679000,1,8,30.7,144.0,55.0,1
1731488679000,1,9,20.8,319.0,52.0,1
1731488679000,1,27,27.4,80.0,50.0,1
1731488680000,1,7,38.0,309.0,24.0,1
1731488680000,1,9,33.1,319.0,52.0,1
1731488680000,1,16,23.6,32.0,32.0,1
1731488680000,1,27,29.1,80.0,50.0,1
1731488680000,1,3,22.6,205.0,21.0,1
1731488680000,1,4,33.8,348.0,87.0,1
1731488680000,1,8,34.0,144.0,55.0,1
1731488681000,1,7,37.9,309.0,24.0,1
1731488681000,1,16,17.3,32.0,32.0,1
1731488681000,1,3,22.3,205.0,21.0,1
1731488681000,1,4,33.8,348.0,87.0,1
1731488681000,1,8,27.2,144.0,55.0,1
1731488681000,1,9,38.4,319.0,52.0,1
1731488681000,1,27,30.3,80.0,50.0,1
1731488682000,1,7,38.0,309.0,24.0,1
1731488682000,1,16,17.3,32.0,32.0,1
1731488682000,1,3,22.7,205.0,21.0,1
1731488682000,1,4,36.0,348.0,87.0,1
1731488682000,1,8,27.6,144.0,55.0,1
1731488682000,1,9,40.5,319.0,52.0,1
1731488682000,1,27,33.1,80.0,50.0,1
1731488683000,1,7,38.6,309.0,24.0,1
1731488683000,1,3,20.6,205.0,21.0,1
1731488683000,1,4,36.3,348.0,87.0,1
1731488683000,1,8,29.6,144.0,55.0,1
1731488683000,1,9,40.5,319.0,52.0,1
1731488683000,1,27,33.5,80.0,50.0,1
1731488684000,1,7,39.5,309.0,24.0,1
1731488684000,1,3,24.7,205.0,21.0,1
1731488684000,1,4,36.0,348.0,87.0,1
1731488684000,1,8,31.3,144.0,55.0,1
1731488684000,1,9,39.5,319.0,52.0,1
1731488684000,1,27,31.0,80.0,50.0,1
1731488685000,1,7,40.3,309.0,24.0,1
1731488685000,1,3,25.7,205.0,21.0,1
1731488685000,1,4,36.2,348.0,87.0,1
1731488685000,1,8,32.3,144.0,55.0,1
1731488685000,1,9,38.2,319.0,52.0,1
1731488685000,1,27,29.8,80.0,50.0,1
1731488686000,1,7,36.0,309.0,24.0,1
1731488686000,1,3,27.6,205.0,21.0,1
1731488686000,1,4,32.0,348.0,87.0,1
1731488686000,1,8,28.5,144.0,55.0,1
1731488686000,1,9,32.0,319.0,52.0,1
1731488686000,1,27,25.2,80.0,50.0,1
1731488687000,1,7,37.6,309.0,24.0,1
1731488687000,1,8,28.9,144.0,55.0,1
1731488687000,1,27,23.3,80.0,50.0,1
1731488687000,1,3,29.1,205.0,21.0,1
1731488687000,1,4,32.9,348.0,87.0,1
1731488687000,1,9,31.0,319.0,52.0,1
1731488688000,1,7,37.0,309.0,24.0,1
1731488688000,1,8,28.2,144.0,55.0,1
1731488688000,1,3,27.6,205.0,21.0,1
1731488688000,1,4,32.0,348.0,87.0,1
1731488688000,1,9,32.7,319.0,52.0,1
1731488688000,1,27,27.4,80.0,50.0,1
1731488689000,1,7,39.2,309.0,24.0,1
1731488689000,1,27,24.7,80.0,50.0,1
1731488689000,1,31,22.7,84.0,11.0,1
1731488689000,1,3,23.8,205.0,21.0,1
1731488689000,1,4,30.5,348.0,87.0,1
1731488689000,1,8,26.8,144.0,55.0,1
1731488689000,1,9,28.3,319.0,52.0,1
1731488690000,1,7,38.0,309.0,24.0,1
1731488690000,1,16,23.9,32.0,32.0,1
1731488690000,1,31,22.7,84.0,11.0,1
1731488690000,1,3,23.8,205.0,21.0,1
1731488690000,1,4,33.6,348.0,87.0,1
1731488690000,1,8,25.4,144.0,55.0,1
1731488690000,1,9,38.8,319.0,52.0,1
1731488690000,1,27,28.2,80.0,50.0,1
1731488691000,1,7,42.1,309.0,24.0,1
1731488691000,1,16,23.9,32.0,32.0,1
1731488691000,1,31,22.7,84.0,11.0,1
1731488691000,1,3,20.6,205.0,21.0,1
1731488691000,1,4,37.3,348.0,87.0,1
1731488691000,1,8,30.9,144.0,55.0,1
1731488691000,1,9,39.6,319.0,52.0,1
1731488691000,1,27,29.3,80.0,50.0,1
1731488692000,1,7,41.2,309.0,24.0,1
1731488692000,1,16,19.6,32.0,32.0,1
1731488692000,1,31,22.7,84.0,11.0,1
1731488692000,1,3,21.3,205.0,21.0,1
1731488692000,1,4,36.8,348.0,87.0,1
1731488692000,1,8,28.5,144.0,55.0,1
1731488692000,1,9,40.8,319.0,52.0,1
1731488692000,1,27,30.2,80.0,50.0,1
1731488693000,1,7,42.6,309.0,24.0,1
1731488693000,1,16,19.6,32.0,32.0,1
1731488693000,1,31,22.7,84.0,11.0,1
1731488693000,1,3,21.9,205.0,21.0,1
1731488693000,1,4,37.5,348.0,87.0,1
1731488693000,1,8,29.4,144.0,55.0,1
1731488693000,1,9,41.1,319.0,52.0,1
1731488693000,1,27,31.1,80.0,50.0,1
1731488694000,1,4,34.1,348.0,87.0,1
1731488694000,1,7,42.7,309.0,24.0,1
1731488694000,1,16,19.5,32.0,32.0,1
1731488694000,1,31,16.9,84.0,11.0,1
1731488694000,1,3,21.5,205.0,21.0,1
1731488694000,1,8,29.4,144.0,55.0,1
1731488694000,1,9,41.1,319.0,52.0,1
1731488694000,1,27,30.4,80.0,50.0,1
1731488695000,1,7,42.1,309.0,24.0,1
1731488695000,1,16,19.5,32.0,32.0,1
1731488695000,1,3,21.6,205.0,21.0,1
1731488695000,1,4,37.1,348.0,87.0,1
1731488695000,1,8,29.4,144.0,55.0,1
1731488695000,1,9,41.2,319.0,52.0,1
1731488695000,1,27,30.4,80.0,50.0,1
1731488696000,1,7,40.8,309.0,24.0,1
1731488696000,1,16,22.8,32.0,32.0,1
1731488696000,1,3,22.9,205.0,21.0,1
1731488696000,1,4,35.4,348.0,87.0,1
1731488696000,1,8,25.3,144.0,55.0,1
1731488696000,1,9,41.4,319.0,52.0,1
1731488696000,1,27,31.8,80.0,50.0,1
1731488697000,1,7,38.8,309.0,24.0,1
1731488697000,1,3,22.9,205.0,21.0,1
1731488697000,1,4,32.6,348.0,87.0,1
1731488697000,1,8,27.6,144.0,55.0,1
1731488697000,1,9,39.2,319.0,52.0,1
1731488697000,1,27,30.3,80.0,50.0,1
1731488698000,1,7,37.8,309.0,24.0,1
1731488698000,1,3,23.3,205.0,21.0,1
1731488698000,1,4,35.2,348.0,87.0,1
1731488698000,1,8,33.0,144.0,55.0,1
1731488698000,1,9,37.9,319.0,52.0,1
1731488698000,1,27,28.6,80.0,50.0,1
1731488699000,1,7,38.1,309.0,24.0,1
1731488699000,1,27,25.5,80.0,50.0,1
1731488699000,1,3,26.1,205.0,21.0,1
1731488699000,1,4,35.2,348.0,87.0,1
1731488699000,1,8,32.2,144.0,55.0,1
1731488699000,1,9,36.9,319.0,52.0,1
1731488700000,1,7,34.1,309.0,24.0,1
1731488700000,1,3,25.9,205.0,21.0,1
1731488700000,1,4,34.2,348.0,87.0,1
1731488700000,1,8,29.7,144.0,55.0,1
1731488700000,1,9,37.4,319.0,52.0,1
1731488700000,1,27,28.2,80.0,50.0,1
1731488701000,1,7,33.7,309.0,24.0,1
1731488701000,1,27,29.3,80.0,50.0,1
1731488701000,1,3,25.5,205.0,21.0,1
1731488701000,1,4,33.9,348.0,87.0,1
1731488701000,1,8,29.7,144.0,55.0,1
1731488701000,1,9,36.8,319.0,52.0,1
1731488702000,1,4,31.4,348.0,87.0,1
1731488702000,1,7,34.3,309.0,24.0,1
1731488702000,1,3,25.1,205.0,21.0,1
1731488702000,1,8,31.3,144.0,55.0,1
1731488702000,1,9,36.9,319.0,52.0,1
1731488702000,1,27,27.3,80.0,50.0,1
1731488703000,1,7,34.7,309.0,24.0,1
1731488703000,1,3,23.9,205.0,21.0,1
1731488703000,1,4,34.4,348.0,87.0,1
1731488703000,1,8,30.9,144.0,55.0,1
1731488703000,1,9,37.3,319.0,52.0,1
1731488703000,1,27,27.8,80.0,50.0,1
1731488704000,1,7,35.2,309.0,24.0,1
1731488704000,1,27,27.2,80.0,50.0,1
1731488704000,1,3,23.7,205.0,21.0,1
1731488704000,1,4,33.9,348.0,87.0,1
1731488704000,1,8,31.7,144.0,55.0,1
1731488704000,1,9,36.9,319.0,52.0,1
1731488705000,1,7,37.7,309.0,24.0,1
1731488705000,1,27,26.5,80.0,50.0,1
1731488705000,1,3,23.3,205.0,21.0,1
1731488705000,1,4,33.4,348.0,87.0,1
1731488705000,1,8,33.3,144.0,55.0,1
1731488705000,1,9,37.3,319.0,52.0,1
1731488706000,1,7,37.6,309.0,24.0,1
1731488706000,1,27,24.6,80.0,50.0,1
1731488706000,1,3,21.9,205.0,21.0,1
1731488706000,1,4,33.6,348.0,87.0,1
1731488706000,1,8,33.3,144.0,55.0,1
1731488706000,1,9,37.5,319.0,52.0,1
1731488707000,1,7,38.2,309.0,24.0,1
1731488707000,1,27,26.1,80.0,50.0,1
1731488707000,1,3,20.9,205.0,21.0,1
1731488707000,1,4,34.1,348.0,87.0,1
1731488707000,1,8,27.9,144.0,55.0,1
1731488707000,1,9,38.9,319.0,52.0,1
1731488708000,1,7,37.0,309.0,24.0,1
1731488708000,1,3,20.8,205.0,21.0,1
1731488708000,1,4,34.9,348.0,87.0,1
1731488708000,1,8,27.9,144.0,55.0,1
1731488708000,1,9,38.3,319.0,52.0,1
1731488708000,1,27,29.2,80.0,50.0,1
1731488709000,1,7,37.8,309.0,24.0,1
1731488709000,1,3,20.8,205.0,21.0,1
1731488709000,1,4,31.9,348.0,87.0,1
1731488709000,1,8,25.8,144.0,55.0,1
1731488709000,1,9,38.2,319.0,52.0,1
1731488709000,1,27,21.5,80.0,50.0,1
1731488710000,1,7,42.5,309.0,24.0,1
1731488710000,1,3,20.8,205.0,21.0,1
1731488710000,1,4,33.5,348.0,87.0,1
1731488710000,1,8,32.3,144.0,55.0,1
1731488710000,1,9,42.8,319.0,52.0,1
1731488710000,1,27,30.7,80.0,50.0,1
1731488711000,1,7,38.0,309.0,24.0,1
1731488711000,1,16,21.5,32.0,32.0,1
1731488711000,1,3,20.8,205.0,21.0,1
1731488711000,1,4,35.1,348.0,87.0,1
1731488711000,1,8,33.7,144.0,55.0,1
1731488711000,1,9,41.8,319.0,52.0,1
1731488711000,1,27,31.9,80.0,50.0,1
1731488712000,1,7,36.4,309.0,24.0,1
1731488712000,1,16,21.5,32.0,32.0,1
1731488712000,1,3,20.8,205.0,21.0,1
1731488712000,1,4,37.3,348.0,87.0,1
1731488712000,1,8,33.2,144.0,55.0,1
1731488712000,1,9,34.0,319.0,52.0,1
1731488712000,1,27,28.0,80.0,50.0,1
1731488713000,1,7,32.9,309.0,24.0,1
1731488713000,1,16,19.3,32.0,32.0,1
1731488713000,1,3,20.8,205.0,21.0,1
1731488713000,1,4,35.1,348.0,87.0,1
1731488713000,1,8,25.9,144.0,55.0,1
1731488713000,1,9,35.4,319.0,52.0,1
1731488713000,1,27,24.6,80.0,50.0,1
1731488714000,1,4,31.0,348.0,87.0,1
1731488714000,1,7,38.1,309.0,24.0,1
1731488714000,1,16,19.3,32.0,32.0,1
1731488714000,1,3,20.8,205.0,21.0,1
1731488714000,1,8,24.9,144.0,55.0,1
1731488714000,1,9,33.6,319.0,52.0,1
1731488714000,1,27,24.6,80.0,50.0,1
1731488715000,1,7,38.2,309.0,24.0,1
1731488715000,1,16,19.3,32.0,32.0,1
1731488715000,1,4,37.7,348.0,87.0,1
1731488715000,1,8,28.0,144.0,55.0,1
1731488715000,1,9,36.4,319.0,52.0,1
1731488715000,1,27,24.6,80.0,50.0,1
1731488716000,1,7,38.9,309.0,24.0,1
1731488716000,1,16,22.3,32.0,32.0,1
1731488716000,1,4,38.9,348.0,87.0,1
1731488716000,1,8,24.6,144.0,55.0,1
1731488716000,1,9,37.8,319.0,52.0,1
1731488716000,1,27,17.3,80.0,50.0,1
1731488717000,1,7,40.1,309.0,24.0,1
1731488717000,1,16,23.2,32.0,32.0,1
1731488717000,1,4,38.2,348.0,87.0,1
1731488717000,1,8,30.2,144.0,55.0,1
1731488717000,1,9,39.4,319.0,52.0,1
1731488717000,1,27,28.2,80.0,50.0,1
1731488718000,1,7,40.5,309.0,24.0,1
1731488718000,1,16,23.3,32.0,32.0,1
1731488718000,1,4,36.5,348.0,87.0,1
1731488718000,1,8,27.7,144.0,55.0,1
1731488718000,1,9,39.4,319.0,52.0,1
1731488718000,1,27,23.7,80.0,50.0,1
1731488719000,1,7,41.3,309.0,24.0,1
1731488719000,1,16,25.7,32.0,32.0,1
1731488719000,1,4,37.7,348.0,87.0,1
1731488719000,1,8,27.6,144.0,55.0,1
1731488719000,1,9,39.4,319.0,52.0,1
1731488719000,1,27,24.9,80.0,50.0,1
1731488720000,1,7,38.8,309.0,24.0,1
1731488720000,1,16,25.7,32.0,32.0,1
1731488720000,1,4,34.7,348.0,87.0,1
1731488720000,1,8,21.3,144.0,55.0,1
1731488720000,1,9,37.0,319.0,52.0,1
1731488720000,1,27,32.8,80.0,50.0,1
1731488721000,1,7,37.4,309.0,24.0,1
1731488721000,1,16,21.9,32.0,32.0,1
1731488721000,1,3,21.7,205.0,21.0,1
1731488721000,1,4,36.4,348.0,87.0,1
1731488721000,1,8,31.7,144.0,55.0,1
1731488721000,1,9,36.9,319.0,52.0,1
1731488721000,1,27,26.9,80.0,50.0,1
1731488722000,1,7,36.9,309.0,24.0,1
1731488722000,1,16,23.3,32.0,32.0,1
1731488722000,1,3,19.6,205.0,21.0,1
1731488722000,1,4,36.2,348.0,87.0,1
1731488722000,1,8,32.6,144.0,55.0,1
1731488722000,1,9,38.4,319.0,52.0,1
1731488722000,1,27,23.2,80.0,50.0,1
1731488723000,1,7,41.6,309.0,24.0,1
1731488723000,1,16,23.3,32.0,32.0,1
1731488723000,1,3,23.2,205.0,21.0,1
1731488723000,1,4,34.3,348.0,87.0,1
1731488723000,1,8,28.4,144.0,55.0,1
1731488723000,1,9,41.1,319.0,52.0,1
1731488723000,1,27,28.3,80.0,50.0,1
1731488724000,1,3,24.6,205.0,21.0,1
1731488724000,1,7,39.3,309.0,24.0,1
1731488724000,1,16,23.3,32.0,32.0,1
1731488724000,1,4,35.1,348.0,87.0,1
1731488724000,1,8,29.8,144.0,55.0,1
1731488724000,1,9,41.1,319.0,52.0,1
1731488724000,1,27,27.8,80.0,50.0,1
1731488725000,1,3,24.4,205.0,21.0,1
1731488725000,1,4,33.2,348.0,87.0,1
1731488725000,1,7,38.3,309.0,24.0,1
1731488725000,1,16,22.2,32.0,32.0,1
1731488725000,1,8,32.2,144.0,55.0,1
1731488725000,1,9,39.2,319.0,52.0,1
1731488725000,1,27,27.8,80.0,50.0,1
1731488726000,1,7,37.7,309.0,24.0,1
1731488726000,1,27,33.0,80.0,50.0,1
1731488726000,1,3,20.8,205.0,21.0,1
1731488726000,1,4,37.2,348.0,87.0,1
1731488726000,1,8,32.1,144.0,55.0,1
1731488726000,1,9,38.0,319.0,52.0,1
1731488727000,1,7,41.4,309.0,24.0,1
1731488727000,1,16,27.3,32.0,32.0,1
1731488727000,1,8,0.0,144.0,55.0,1
1731488727000,1,3,24.5,205.0,21.0,1
1731488727000,1,4,32.2,348.0,87.0,1
1731488727000,1,9,42.0,319.0,52.0,1
1731488727000,1,27,29.5,80.0,50.0,1
1731488728000,1,3,24.0,205.0,21.0,1
1731488728000,1,4,29.1,348.0,87.0,1
1731488728000,1,7,40.5,309.0,24.0,1
1731488728000,1,16,21.3,32.0,32.0,1
1731488728000,1,8,31.7,144.0,55.0,1
1731488728000,1,9,40.7,319.0,52.0,1
1731488728000,1,27,29.4,80.0,50.0,1
1731488729000,1,3,25.6,205.0,21.0,1
1731488729000,1,7,40.0,309.0,24.0,1
1731488729000,1,16,27.0,32.0,32.0,1
1731488729000,1,4,37.7,348.0,87.0,1
1731488729000,1,8,28.1,144.0,55.0,1
1731488729000,1,9,36.2,319.0,52.0,1
1731488729000,1,27,23.9,80.0,50.0,1
1731488730000,1,7,35.8,309.0,24.0,1
1731488730000,1,16,27.5,32.0,32.0,1
1731488730000,1,3,20.5,205.0,21.0,1
1731488730000,1,4,36.5,348.0,87.0,1
1731488730000,1,8,31.6,144.0,55.0,1
1731488730000,1,9,35.9,319.0,52.0,1
1731488730000,1,27,25.8,80.0,50.0,1
1731488731000,1,3,23.6,205.0,21.0,1
1731488731000,1,7,36.6,309.0,24.0,1
1731488731000,1,16,27.6,32.0,32.0,1
1731488731000,1,4,37.5,348.0,87.0,1
1731488731000,1,8,30.5,144.0,55.0,1
1731488731000,1,9,35.7,319.0,52.0,1
1731488731000,1,27,23.3,80.0,50.0,1
1731488732000,1,7,36.7,309.0,24.0,1
1731488732000,1,16,27.6,32.0,32.0,1
1731488732000,1,3,21.8,205.0,21.0,1
1731488732000,1,4,37.4,348.0,87.0,1
1731488732000,1,8,32.0,144.0,55.0,1
1731488732000,1,9,36.2,319.0,52.0,1
1731488732000,1,27,23.8,80.0,50.0,1
1731488733000,1,7,37.3,309.0,24.0,1
1731488733000,1,16,28.2,32.0,32.0,1
1731488733000,1,3,21.5,205.0,21.0,1
1731488733000,1,4,37.4,348.0,87.0,1
1731488733000,1,8,32.4,144.0,55.0,1
1731488733000,1,9,36.5,319.0,52.0,1
1731488733000,1,27,22.7,80.0,50.0,1
1731488734000,1,7,37.3,309.0,24.0,1
1731488734000,1,16,27.9,32.0,32.0,1
1731488734000,1,3,21.7,205.0,21.0,1
1731488734000,1,4,37.5,348.0,87.0,1
1731488734000,1,8,32.7,144.0,55.0,1
1731488734000,1,9,37.7,319.0,52.0,1
1731488734000,1,27,21.3,80.0,50.0,1
1731488735000,1,7,36.6,309.0,24.0,1
1731488735000,1,16,28.5,32.0,32.0,1
1731488735000,1,3,21.7,205.0,21.0,1
1731488735000,1,4,37.3,348.0,87.0,1
1731488735000,1,8,32.2,144.0,55.0,1
1731488735000,1,9,37.7,319.0,52.0,1
1731488735000,1,27,23.9,80.0,50.0,1
1731488736000,1,3,24.0,205.0,21.0,1
1731488736000,1,7,40.5,309.0,24.0,1
1731488736000,1,16,28.1,32.0,32.0,1
1731488736000,1,4,37.9,348.0,87.0,1
1731488736000,1,8,31.8,144.0,55.0,1
1731488736000,1,9,38.0,319.0,52.0,1
1731488736000,1,27,23.9,80.0,50.0,1
1731488737000,1,7,43.1,309.0,24.0,1
1731488737000,1,16,28.5,32.0,32.0,1
1731488737000,1,27,26.7,80.0,50.0,1
1731488737000,1,3,25.7,205.0,21.0,1
1731488737000,1,4,38.5,348.0,87.0,1
1731488737000,1,8,28.4,144.0,55.0,1
1731488737000,1,9,34.8,319.0,52.0,1
1731488738000,1,7,41.0,309.0,24.0,1
1731488738000,1,16,27.9,32.0,32.0,1
1731488738000,1,27,30.2,80.0,50.0,1
1731488738000,1,3,24.0,205.0,21.0,1
1731488738000,1,4,37.7,348.0,87.0,1
1731488738000,1,8,31.8,144.0,55.0,1
1731488738000,1,9,36.9,319.0,52.0,1
1731488739000,1,7,39.5,309.0,24.0,1
1731488739000,1,16,25.6,32.0,32.0,1
1731488739000,1,3,23.5,205.0,21.0,1
1731488739000,1,4,36.6,348.0,87.0,1
1731488739000,1,8,30.6,144.0,55.0,1
1731488739000,1,9,38.6,319.0,52.0,1
1731488739000,1,27,28.7,80.0,50.0,1
1731488740000,1,7,40.6,309.0,24.0,1
1731488740000,1,16,23.6,32.0,32.0,1
1731488740000,1,3,24.9,205.0,21.0,1
1731488740000,1,4,38.0,348.0,87.0,1
1731488740000,1,8,28.1,144.0,55.0,1
1731488740000,1,9,34.8,319.0,52.0,1
1731488740000,1,27,26.8,80.0,50.0,1
1731488741000,1,7,29.9,309.0,25.0,1
1731488741000,1,16,23.5,33.0,30.0,1
1731488741000,1,3,21.2,203.0,21.0,1
1731488741000,1,4,37.1,348.0,87.0,1
1731488741000,1,8,30.7,143.0,56.0,1
1731488741000,1,9,38.9,317.0,54.0,1
1731488741000,1,27,33.6,80.0,50.0,1
1731488742000,1,7,35.3,309.0,25.0,1
1731488742000,1,16,26.3,33.0,30.0,1
1731488742000,1,3,21.1,203.0,21.0,1
1731488742000,1,4,36.3,348.0,87.0,1
1731488742000,1,8,27.5,143.0,56.0,1
1731488742000,1,9,36.0,317.0,54.0,1
1731488742000,1,27,31.1,80.0,50.0,1
1731488743000,1,7,37.3,309.0,25.0,1
1731488743000,1,16,23.5,33.0,30.0,1
1731488743000,1,3,23.5,203.0,21.0,1
1731488743000,1,4,35.2,348.0,87.0,1
1731488743000,1,8,29.9,143.0,56.0,1
1731488743000,1,9,38.9,317.0,54.0,1
1731488743000,1,27,29.0,80.0,50.0,1
1731488744000,1,7,40.5,309.0,25.0,1
1731488744000,1,16,21.7,33.0,30.0,1
1731488744000,1,3,24.4,203.0,21.0,1
1731488744000,1,4,33.4,348.0,87.0,1
1731488744000,1,8,24.5,143.0,56.0,1
1731488744000,1,9,38.2,317.0,54.0,1
1731488744000,1,27,32.8,80.0,50.0,1
1731488745000,1,7,41.6,309.0,25.0,1
1731488745000,1,16,0.0,33.0,30.0,1
1731488745000,1,3,26.3,203.0,21.0,1
1731488745000,1,4,32.5,348.0,87.0,1
1731488745000,1,8,23.3,143.0,56.0,1
1731488745000,1,9,38.2,317.0,54.0,1
1731488745000,1,27,33.1,80.0,50.0,1
1731488746000,1,7,33.6,309.0,25.0,1
1731488746000,1,16,24.7,33.0,30.0,1
1731488746000,1,3,20.8,203.0,21.0,1
1731488746000,1,4,36.8,348.0,87.0,1
1731488746000,1,8,32.4,143.0,56.0,1
1731488746000,1,9,37.4,317.0,54.0,1
1731488746000,1,27,26.6,80.0,50.0,1
1731488747000,1,3,21.1,203.0,21.0,1
1731488747000,1,7,40.5,309.0,25.0,1
1731488747000,1,16,23.1,33.0,30.0,1
1731488747000,1,4,32.7,348.0,87.0,1
1731488747000,1,8,27.8,143.0,56.0,1
1731488747000,1,9,39.2,317.0,54.0,1
1731488747000,1,27,30.5,80.0,50.0,1
1731488748000,1,3,21.1,203.0,21.0,1
1731488748000,1,4,28.5,348.0,87.0,1
1731488748000,1,7,40.8,309.0,25.0,1
1731488748000,1,16,0.0,33.0,30.0,1
1731488748000,1,8,26.7,143.0,56.0,1
1731488748000,1,9,40.4,317.0,54.0,1
1731488748000,1,27,30.8,80.0,50.0,1
1731488749000,1,7,36.8,309.0,25.0,1
1731488749000,1,16,24.8,33.0,30.0,1
1731488749000,1,3,23.5,203.0,21.0,1
1731488749000,1,4,35.4,348.0,87.0,1
1731488749000,1,8,29.1,143.0,56.0,1
1731488749000,1,9,40.2,317.0,54.0,1
1731488749000,1,27,31.5,80.0,50.0,1
1731488750000,1,7,28.4,309.0,25.0,1
1731488750000,1,16,25.9,33.0,30.0,1
1731488750000,1,27,29.7,80.0,50.0,1
1731488750000,1,3,22.0,203.0,21.0,1
1731488750000,1,4,37.2,348.0,87.0,1
1731488750000,1,8,31.6,143.0,56.0,1
1731488750000,1,9,33.2,317.0,54.0,1
1731488751000,1,4,26.8,348.0,87.0,1
1731488751000,1,7,38.4,309.0,25.0,1
1731488751000,1,16,26.1,33.0,30.0,1
1731488751000,1,3,24.6,203.0,21.0,1
1731488751000,1,8,29.2,143.0,56.0,1
1731488751000,1,9,36.8,317.0,54.0,1
1731488751000,1,27,32.2,80.0,50.0,1
1731488752000,1,7,41.4,309.0,25.0,1
1731488752000,1,16,26.1,33.0,30.0,1
1731488752000,1,3,25.5,203.0,21.0,1
1731488752000,1,4,32.5,348.0,87.0,1
1731488752000,1,8,23.7,143.0,56.0,1
1731488752000,1,9,37.8,317.0,54.0,1
1731488752000,1,27,33.9,80.0,50.0,1
1731488753000,1,7,40.3,309.0,25.0,1
1731488753000,1,16,25.6,33.0,30.0,1
1731488753000,1,3,24.7,203.0,21.0,1
1731488753000,1,4,30.9,348.0,87.0,1
1731488753000,1,8,24.0,143.0,56.0,1
1731488753000,1,9,39.6,317.0,54.0,1
1731488753000,1,27,32.2,80.0,50.0,1
1731488754000,1,4,28.2,348.0,87.0,1
1731488754000,1,7,37.7,309.0,25.0,1
1731488754000,1,16,24.9,33.0,30.0,1
1731488754000,1,3,24.5,203.0,21.0,1
1731488754000,1,8,24.7,143.0,56.0,1
1731488754000,1,9,40.7,317.0,54.0,1
1731488754000,1,27,32.0,80.0,50.0,1
1731488755000,1,7,38.0,309.0,25.0,1
1731488755000,1,16,25.9,33.0,30.0,1
1731488755000,1,3,24.6,203.0,21.0,1
1731488755000,1,4,33.8,348.0,87.0,1
1731488755000,1,8,24.1,143.0,56.0,1
1731488755000,1,9,40.4,317.0,54.0,1
1731488755000,1,27,32.8,80.0,50.0,1
1731488756000,1,7,37.5,309.0,25.0,1
1731488756000,1,16,26.2,33.0,30.0,1
1731488756000,1,3,23.1,203.0,21.0,1
1731488756000,1,4,34.2,348.0,87.0,1
1731488756000,1,8,24.9,143.0,56.0,1
1731488756000,1,9,40.3,317.0,54.0,1
1731488756000,1,27,32.5,80.0,50.0,1
1731488757000,1,7,34.8,309.0,25.0,1
1731488757000,1,16,26.0,33.0,30.0,1
1731488757000,1,3,22.6,203.0,21.0,1
1731488757000,1,4,36.4,348.0,87.0,1
1731488757000,1,8,30.7,143.0,56.0,1
1731488757000,1,9,39.8,317.0,54.0,1
1731488757000,1,27,31.7,80.0,50.0,1
1731488758000,1,3,23.4,203.0,21.0,1
1731488758000,1,7,36.0,309.0,25.0,1
1731488758000,1,16,24.9,33.0,30.0,1
1731488758000,1,4,36.6,348.0,87.0,1
1731488758000,1,8,28.1,143.0,56.0,1
1731488758000,1,9,38.2,317.0,54.0,1
1731488758000,1,27,31.6,80.0,50.0,1
1731488759000,1,7,32.5,309.0,25.0,1
1731488759000,1,16,24.4,33.0,30.0,1
1731488759000,1,3,24.2,203.0,21.0,1
1731488759000,1,4,36.7,348.0,87.0,1
1731488759000,1,8,29.0,143.0,56.0,1
1731488759000,1,9,40.5,317.0,54.0,1
1731488759000,1,27,32.9,80.0,50.0,1
1731488760000,1,7,40.6,309.0,25.0,1
1731488760000,1,16,27.3,33.0,30.0,1
1731488760000,1,3,22.3,203.0,21.0,1
1731488760000,1,4,37.4,348.0,87.0,1
1731488760000,1,8,26.4,143.0,56.0,1
1731488760000,1,9,36.8,317.0,54.0,1
1731488760000,1,27,21.5,80.0,50.0,1
1731488761000,1,7,41.0,309.0,25.0,1
1731488761000,1,16,24.7,33.0,30.0,1
1731488761000,1,3,22.3,203.0,21.0,1
1731488761000,1,4,32.3,348.0,87.0,1
1731488761000,1,8,31.3,143.0,56.0,1
1731488761000,1,9,42.2,317.0,54.0,1
1731488761000,1,27,32.1,80.0,50.0,1
1731488762000,1,7,39.9,309.0,25.0,1
1731488762000,1,16,21.2,33.0,30.0,1
1731488762000,1,3,22.3,203.0,21.0,1
1731488762000,1,4,28.4,348.0,87.0,1
1731488762000,1,8,31.7,143.0,56.0,1
1731488762000,1,9,43.7,317.0,54.0,1
1731488762000,1,27,31.9,80.0,50.0,1
1731488763000,1,4,29.7,348.0,87.0,1
1731488763000,1,7,40.3,309.0,25.0,1
1731488763000,1,16,27.6,33.0,30.0,1
1731488763000,1,3,18.6,203.0,21.0,1
1731488763000,1,8,29.3,143.0,56.0,1
1731488763000,1,9,38.5,317.0,54.0,1
1731488763000,1,27,31.9,80.0,50.0,1
1731488764000,1,7,39.4,309.0,25.0,1
1731488764000,1,16,27.5,33.0,30.0,1
1731488764000,1,27,28.0,80.0,50.0,1
1731488764000,1,3,21.8,203.0,21.0,1
1731488764000,1,4,37.0,348.0,87.0,1
1731488764000,1,8,28.3,143.0,56.0,1
1731488764000,1,9,36.9,317.0,54.0,1
1731488765000,1,7,37.1,309.0,25.0,1
1731488765000,1,16,29.1,33.0,30.0,1
1731488765000,1,27,21.4,80.0,50.0,1
1731488765000,1,3,22.2,203.0,21.0,1
1731488765000,1,4,36.5,348.0,87.0,1
1731488765000,1,8,32.4,143.0,56.0,1
1731488765000,1,9,38.3,317.0,54.0,1
1731488766000,1,7,36.3,309.0,25.0,1
1731488766000,1,16,27.5,33.0,30.0,1
1731488766000,1,27,21.4,80.0,50.0,1
1731488766000,1,3,22.2,203.0,21.0,1
1731488766000,1,4,35.4,348.0,87.0,1
1731488766000,1,8,32.2,143.0,56.0,1
1731488766000,1,9,38.9,317.0,54.0,1
1731488767000,1,7,36.5,309.0,25.0,1
1731488767000,1,16,25.0,33.0,30.0,1
1731488767000,1,3,19.5,203.0,21.0,1
1731488767000,1,4,35.3,348.0,87.0,1
1731488767000,1,8,30.7,143.0,56.0,1
1731488767000,1,9,34.2,317.0,54.0,1
1731488767000,1,27,28.7,80.0,50.0,1
1731488768000,1,4,29.1,348.0,87.0,1
1731488768000,1,7,37.7,309.0,25.0,1
1731488768000,1,9,32.1,317.0,54.0,1
1731488768000,1,16,25.5,33.0,30.0,1
1731488768000,1,3,19.5,203.0,21.0,1
1731488768000,1,8,33.2,143.0,56.0,1
1731488768000,1,27,31.2,80.0,50.0,1
1731488769000,1,7,38.0,309.0,25.0,1
1731488769000,1,16,27.6,33.0,30.0,1
1731488769000,1,3,20.1,203.0,21.0,1
1731488769000,1,4,36.7,348.0,87.0,1
1731488769000,1,8,30.3,143.0,56.0,1
1731488769000,1,9,36.9,317.0,54.0,1
1731488769000,1,27,24.4,80.0,50.0,1
1731488770000,1,7,37.0,309.0,25.0,1
1731488770000,1,16,24.9,33.0,30.0,1
1731488770000,1,3,21.1,203.0,21.0,1
1731488770000,1,4,35.0,348.0,87.0,1
1731488770000,1,8,32.5,143.0,56.0,1
1731488770000,1,9,38.3,317.0,54.0,1
1731488770000,1,27,28.1,80.0,50.0,1
1731488771000,1,7,40.3,309.0,25.0,1
1731488771000,1,8,25.6,143.0,56.0,1
1731488771000,1,16,25.7,33.0,30.0,1
1731488771000,1,3,21.1,203.0,21.0,1
1731488771000,1,4,33.9,348.0,87.0,1
1731488771000,1,9,40.5,317.0,54.0,1
1731488771000,1,27,24.3,80.0,50.0,1
1731488772000,1,3,22.6,203.0,21.0,1
1731488772000,1,7,38.5,309.0,25.0,1
1731488772000,1,16,26.4,33.0,30.0,1
1731488772000,1,4,35.7,348.0,87.0,1
1731488772000,1,8,30.3,143.0,56.0,1
1731488772000,1,9,38.9,317.0,54.0,1
1731488772000,1,27,30.8,80.0,50.0,1
1731488773000,1,3,22.6,203.0,21.0,1
1731488773000,1,7,35.4,309.0,25.0,1
1731488773000,1,16,25.7,33.0,30.0,1
1731488773000,1,4,36.4,348.0,87.0,1
1731488773000,1,8,29.5,143.0,56.0,1
1731488773000,1,9,29.0,317.0,54.0,1
1731488773000,1,27,29.5,80.0,50.0,1
1731488774000,1,4,25.4,348.0,87.0,1
1731488774000,1,7,36.2,309.0,25.0,1
1731488774000,1,16,24.2,33.0,30.0,1
1731488774000,1,3,21.8,203.0,21.0,1
1731488774000,1,8,28.2,143.0,56.0,1
1731488774000,1,9,24.3,317.0,54.0,1
1731488774000,1,27,28.2,80.0,50.0,1
1731488775000,1,7,37.4,309.0,25.0,1
1731488775000,1,16,24.3,33.0,30.0,1
1731488775000,1,3,22.7,203.0,21.0,1
1731488775000,1,4,35.1,348.0,87.0,1
1731488775000,1,8,29.3,143.0,56.0,1
1731488775000,1,9,24.2,317.0,54.0,1
1731488775000,1,27,30.5,80.0,50.0,1
1731488776000,1,7,37.4,309.0,25.0,1
1731488776000,1,16,22.7,33.0,30.0,1
1731488776000,1,3,23.5,203.0,21.0,1
1731488776000,1,4,35.8,348.0,87.0,1
1731488776000,1,8,28.7,143.0,56.0,1
1731488776000,1,9,31.3,317.0,54.0,1
1731488776000,1,27,31.9,80.0,50.0,1
1731488777000,1,7,38.4,309.0,25.0,1
1731488777000,1,16,27.1,33.0,30.0,1
1731488777000,1,3,23.2,203.0,21.0,1
1731488777000,1,4,36.2,348.0,87.0,1
1731488777000,1,8,26.0,143.0,56.0,1
1731488777000,1,9,34.2,317.0,54.0,1
1731488777000,1,27,29.1,80.0,50.0,1
1731488778000,1,4,30.7,348.0,87.0,1
1731488778000,1,7,40.2,309.0,25.0,1
1731488778000,1,16,26.5,33.0,30.0,1
1731488778000,1,3,22.8,203.0,21.0,1
1731488778000,1,8,22.7,143.0,56.0,1
1731488778000,1,9,35.2,317.0,54.0,1
1731488778000,1,27,22.6,80.0,50.0,1
1731488779000,1,7,33.2,309.0,25.0,1
1731488779000,1,16,25.3,33.0,30.0,1
1731488779000,1,3,22.8,203.0,21.0,1
1731488779000,1,4,37.8,348.0,87.0,1
1731488779000,1,8,31.4,143.0,56.0,1
1731488779000,1,9,37.8,317.0,54.0,1
1731488779000,1,27,26.8,80.0,50.0,1
1731488780000,1,7,40.5,309.0,25.0,1
1731488780000,1,16,29.8,33.0,30.0,1
1731488780000,1,3,19.5,203.0,21.0,1
1731488780000,1,4,38.2,348.0,87.0,1
1731488780000,1,8,29.0,143.0,56.0,1
1731488780000,1,9,37.8,317.0,54.0,1
1731488780000,1,27,29.2,80.0,50.0,1
1731488781000,1,7,39.5,309.0,25.0,1
1731488781000,1,16,28.0,33.0,30.0,1
1731488781000,1,3,21.1,203.0,21.0,1
1731488781000,1,4,36.9,348.0,87.0,1
1731488781000,1,8,31.6,143.0,56.0,1
1731488781000,1,9,36.5,317.0,54.0,1
1731488781000,1,27,30.5,80.0,50.0,1
1731488782000,1,7,37.6,309.0,25.0,1
1731488782000,1,16,24.5,33.0,30.0,1
1731488782000,1,3,21.1,203.0,21.0,1
1731488782000,1,4,35.8,348.0,87.0,1
1731488782000,1,8,33.3,143.0,56.0,1
1731488782000,1,9,39.6,317.0,54.0,1
1731488782000,1,27,28.2,80.0,50.0,1
1731488783000,1,7,39.2,309.0,25.0,1
1731488783000,1,16,22.1,33.0,30.0,1
1731488783000,1,3,19.5,203.0,21.0,1
1731488783000,1,4,33.8,348.0,87.0,1
1731488783000,1,8,30.4,143.0,56.0,1
1731488783000,1,9,37.7,317.0,54.0,1
1731488783000,1,27,26.4,80.0,50.0,1
1731488784000,1,7,40.4,309.0,25.0,1
1731488784000,1,16,0.0,33.0,30.0,1
1731488784000,1,3,19.5,203.0,21.0,1
1731488784000,1,4,26.9,348.0,87.0,1
1731488784000,1,8,32.5,143.0,56.0,1
1731488784000,1,9,30.7,317.0,54.0,1
1731488784000,1,27,30.2,80.0,50.0,1
1731488785000,1,7,39.6,309.0,25.0,1
1731488785000,1,16,0.0,33.0,30.0,1
1731488785000,1,3,19.6,203.0,21.0,1
1731488785000,1,4,24.5,348.0,87.0,1
1731488785000,1,8,33.7,143.0,56.0,1
1731488785000,1,9,31.6,317.0,54.0,1
1731488785000,1,27,29.6,80.0,50.0,1
1731488786000,1,7,39.6,309.0,25.0,1
1731488786000,1,16,0.0,33.0,30.0,1
1731488786000,1,3,19.6,203.0,21.0,1
1731488786000,1,4,23.4,348.0,87.0,1
1731488786000,1,8,33.1,143.0,56.0,1
1731488786000,1,9,32.0,317.0,54.0,1
1731488786000,1,27,29.8,80.0,50.0,1
1731488787000,1,4,26.1,348.0,87.0,1
1731488787000,1,7,38.8,309.0,25.0,1
1731488787000,1,16,25.3,33.0,30.0,1
1731488787000,1,3,20.5,203.0,21.0,1
1731488787000,1,8,29.8,143.0,56.0,1
1731488787000,1,9,37.0,317.0,54.0,1
1731488787000,1,27,27.5,80.0,50.0,1
1731488788000,1,4,30.5,348.0,87.0,1
1731488788000,1,7,38.1,309.0,25.0,1
1731488788000,1,16,25.2,33.0,30.0,1
1731488788000,1,3,20.5,203.0,21.0,1
1731488788000,1,8,32.5,143.0,56.0,1
1731488788000,1,9,33.9,317.0,54.0,1
1731488788000,1,27,22.2,80.0,50.0,1
1731488789000,1,3,23.4,203.0,21.0,1
1731488789000,1,7,38.4,309.0,25.0,1
1731488789000,1,16,27.0,33.0,30.0,1
1731488789000,1,4,37.4,348.0,87.0,1
1731488789000,1,8,28.5,143.0,56.0,1
1731488789000,1,9,37.4,317.0,54.0,1
1731488789000,1,27,22.2,80.0,50.0,1
1731488790000,1,3,22.0,203.0,21.0,1
1731488790000,1,7,41.1,309.0,25.0,1
1731488790000,1,16,25.8,33.0,30.0,1
1731488790000,1,27,23.9,80.0,50.0,1
1731488790000,1,4,35.9,348.0,87.0,1
1731488790000,1,8,29.4,143.0,56.0,1
1731488790000,1,9,39.0,317.0,54.0,1
1731488791000,1,7,42.0,309.0,25.0,1
1731488791000,1,8,28.6,143.0,56.0,1
1731488791000,1,9,32.7,317.0,54.0,1
1731488791000,1,16,24.8,33.0,30.0,1
1731488791000,1,27,22.1,80.0,50.0,1
1731488791000,1,3,24.3,203.0,21.0,1
1731488791000,1,4,33.3,348.0,87.0,1
1731488792000,1,7,37.3,309.0,25.0,1
1731488792000,1,8,27.1,143.0,56.0,1
1731488792000,1,16,24.8,33.0,30.0,1
1731488792000,1,3,24.3,203.0,21.0,1
1731488792000,1,4,32.7,348.0,87.0,1
1731488792000,1,9,41.9,317.0,54.0,1
1731488792000,1,27,28.7,80.0,50.0,1
1731488793000,1,7,38.2,309.0,25.0,1
1731488793000,1,16,22.0,33.0,30.0,1
1731488793000,1,3,21.9,203.0,21.0,1
1731488793000,1,4,33.6,348.0,87.0,1
1731488793000,1,8,37.1,143.0,56.0,1
1731488793000,1,9,39.8,317.0,54.0,1
1731488793000,1,27,25.5,80.0,50.0,1
1731488794000,1,7,42.3,309.0,25.0,1
1731488794000,1,16,22.0,33.0,30.0,1
1731488794000,1,3,24.3,203.0,21.0,1
1731488794000,1,4,35.0,348.0,87.0,1
1731488794000,1,8,38.0,143.0,56.0,1
1731488794000,1,9,37.4,317.0,54.0,1
1731488794000,1,27,22.0,80.0,50.0,1
1731488795000,1,4,27.7,348.0,87.0,1
1731488795000,1,7,40.3,309.0,25.0,1
1731488795000,1,16,23.9,33.0,30.0,1
1731488795000,1,3,26.1,203.0,21.0,1
1731488795000,1,8,32.2,143.0,56.0,1
1731488795000,1,9,36.4,317.0,54.0,1
1731488795000,1,27,23.1,80.0,50.0,1
1731488796000,1,7,41.8,309.0,25.0,1
1731488796000,1,16,26.3,33.0,30.0,1
1731488796000,1,3,23.9,203.0,21.0,1
1731488796000,1,4,33.4,348.0,87.0,1
1731488796000,1,8,23.7,143.0,56.0,1
1731488796000,1,9,37.0,317.0,54.0,1
1731488796000,1,27,25.2,80.0,50.0,1
1731488797000,1,7,42.5,309.0,25.0,1
1731488797000,1,16,26.1,33.0,30.0,1
1731488797000,1,3,23.7,203.0,21.0,1
1731488797000,1,4,34.1,348.0,87.0,1
1731488797000,1,8,33.1,143.0,56.0,1
1731488797000,1,9,34.8,317.0,54.0,1
1731488797000,1,27,27.3,80.0,50.0,1
1731488798000,1,7,42.7,309.0,25.0,1
1731488798000,1,16,23.2,33.0,30.0,1
1731488798000,1,3,20.8,203.0,21.0,1
1731488798000,1,4,34.5,348.0,87.0,1
1731488798000,1,8,35.3,143.0,56.0,1
1731488798000,1,9,36.6,317.0,54.0,1
1731488798000,1,27,30.0,80.0,50.0,1
1731488799000,1,7,41.6,309.0,25.0,1
1731488799000,1,16,24.3,33.0,30.0,1
1731488799000,1,3,23.5,203.0,21.0,1
1731488799000,1,4,32.9,348.0,87.0,1
1731488799000,1,8,35.3,143.0,56.0,1
1731488799000,1,9,26.0,317.0,54.0,1
1731488799000,1,27,25.6,80.0,50.0,1
1731488800000,1,7,41.2,309.0,25.0,1
1731488800000,1,16,21.6,33.0,30.0,1
1731488800000,1,3,25.0,203.0,21.0,1
1731488800000,1,4,31.8,348.0,87.0,1
1731488800000,1,8,35.9,143.0,56.0,1
1731488800000,1,9,25.9,317.0,54.0,1
1731488800000,1,27,24.4,80.0,50.0,1
1731488801000,1,7,43.5,309.0,25.0,1
1731488801000,1,8,31.2,143.0,56.0,1
1731488801000,1,16,22.0,33.0,30.0,1
1731488801000,1,3,22.8,203.0,21.0,1
1731488801000,1,4,32.8,348.0,87.0,1
1731488801000,1,9,29.5,317.0,54.0,1
1731488801000,1,27,28.1,80.0,50.0,1
1731488802000,1,7,44.2,309.0,25.0,1
1731488802000,1,16,22.0,33.0,30.0,1
1731488802000,1,3,23.7,203.0,21.0,1
1731488802000,1,4,32.0,348.0,87.0,1
1731488802000,1,8,35.5,143.0,56.0,1
1731488802000,1,9,28.0,317.0,54.0,1
1731488802000,1,27,26.5,80.0,50.0,1
1731488803000,1,7,44.4,309.0,25.0,1
1731488803000,1,8,29.8,143.0,56.0,1
1731488803000,1,16,20.0,33.0,30.0,1
1731488803000,1,3,24.5,203.0,21.0,1
1731488803000,1,4,30.5,348.0,87.0,1
1731488803000,1,9,26.1,317.0,54.0,1
1731488803000,1,27,22.6,80.0,50.0,1
1731488804000,1,4,28.5,348.0,87.0,1
1731488804000,1,7,42.9,309.0,25.0,1
1731488804000,1,8,30.0,143.0,56.0,1
1731488804000,1,16,23.6,33.0,30.0,1
1731488804000,1,3,24.3,203.0,21.0,1
1731488804000,1,9,32.5,317.0,54.0,1
1731488804000,1,27,24.2,80.0,50.0,1
1731488805000,1,4,26.2,348.0,87.0,1
1731488805000,1,7,41.1,309.0,25.0,1
1731488805000,1,8,32.2,143.0,56.0,1
1731488805000,1,16,25.0,33.0,30.0,1
1731488805000,1,3,24.3,203.0,21.0,1
1731488805000,1,9,34.4,317.0,54.0,1
1731488805000,1,27,31.5,80.0,50.0,1
1731488806000,1,7,41.6,309.0,25.0,1
1731488806000,1,16,25.0,33.0,30.0,1
1731488806000,1,3,23.7,203.0,21.0,1
1731488806000,1,4,34.0,348.0,87.0,1
1731488806000,1,8,29.5,143.0,56.0,1
1731488806000,1,9,37.6,317.0,54.0,1
1731488806000,1,27,29.8,80.0,50.0,1
1731488807000,1,7,42.4,309.0,25.0,1
1731488807000,1,8,35.5,143.0,56.0,1
1731488807000,1,16,23.3,33.0,30.0,1
1731488807000,1,3,27.5,203.0,21.0,1
1731488807000,1,4,33.1,348.0,87.0,1
1731488807000,1,9,38.5,317.0,54.0,1
1731488807000,1,27,26.2,80.0,50.0,1
1731488808000,1,7,38.3,309.0,25.0,1
1731488808000,1,8,29.0,143.0,56.0,1
1731488808000,1,9,33.4,317.0,54.0,1
1731488808000,1,16,23.3,33.0,30.0,1
1731488808000,1,3,28.0,203.0,21.0,1
1731488808000,1,4,32.0,348.0,87.0,1
1731488808000,1,27,29.3,80.0,50.0,1
1731488809000,1,7,40.0,309.0,25.0,1
1731488809000,1,8,31.9,143.0,56.0,1
1731488809000,1,16,0.0,33.0,30.0,1
1731488809000,1,3,26.3,203.0,21.0,1
1731488809000,1,4,34.7,348.0,87.0,1
1731488809000,1,9,38.1,317.0,54.0,1
1731488809000,1,27,29.3,80.0,50.0,1
1731488810000,1,7,39.7,309.0,25.0,1
1731488810000,1,8,36.0,143.0,56.0,1
1731488810000,1,16,24.2,33.0,30.0,1
1731488810000,1,3,28.7,203.0,21.0,1
1731488810000,1,4,34.8,348.0,87.0,1
1731488810000,1,9,37.7,317.0,54.0,1
1731488810000,1,27,25.2,80.0,50.0,1
1731488811000,1,7,39.8,309.0,25.0,1
1731488811000,1,8,32.5,143.0,56.0,1
1731488811000,1,16,24.2,33.0,30.0,1
1731488811000,1,3,27.8,203.0,21.0,1
1731488811000,1,4,33.8,348.0,87.0,1
1731488811000,1,9,38.6,317.0,54.0,1
1731488811000,1,27,27.0,80.0,50.0,1
1731488812000,1,7,38.8,309.0,25.0,1
1731488812000,1,16,19.9,33.0,30.0,1
1731488812000,1,3,25.2,203.0,21.0,1
1731488812000,1,4,31.8,348.0,87.0,1
1731488812000,1,8,28.5,143.0,56.0,1
1731488812000,1,9,37.5,317.0,54.0,1
1731488812000,1,27,29.0,80.0,50.0,1
1731488813000,1,7,39.9,309.0,25.0,1
1731488813000,1,16,19.9,33.0,30.0,1
1731488813000,1,3,25.2,203.0,21.0,1
1731488813000,1,4,30.7,348.0,87.0,1
1731488813000,1,8,33.8,143.0,56.0,1
1731488813000,1,9,37.1,317.0,54.0,1
1731488813000,1,27,26.7,80.0,50.0,1
1731488814000,1,7,35.6,309.0,25.0,1
1731488814000,1,16,19.8,33.0,30.0,1
1731488814000,1,3,25.9,203.0,21.0,1
1731488814000,1,4,25.2,348.0,87.0,1
1731488814000,1,8,35.0,143.0,56.0,1
1731488814000,1,9,37.1,317.0,54.0,1
1731488814000,1,27,25.1,80.0,50.0,1
1731488815000,1,4,33.0,348.0,87.0,1
1731488815000,1,7,39.8,309.0,25.0,1
1731488815000,1,8,28.9,143.0,56.0,1
1731488815000,1,16,23.4,33.0,30.0,1
1731488815000,1,3,26.3,203.0,21.0,1
1731488815000,1,9,34.7,317.0,54.0,1
1731488815000,1,27,27.6,80.0,50.0,1
1731488816000,1,7,44.3,309.0,25.0,1
1731488816000,1,16,27.6,33.0,30.0,1
1731488816000,1,3,27.4,203.0,21.0,1
1731488816000,1,4,32.2,348.0,87.0,1
1731488816000,1,8,31.5,143.0,56.0,1
1731488816000,1,9,34.7,317.0,54.0,1
1731488816000,1,27,25.0,80.0,50.0,1
1731488817000,1,7,45.5,309.0,25.0,1
1731488817000,1,16,24.1,33.0,30.0,1
1731488817000,1,3,25.6,203.0,21.0,1
1731488817000,1,4,29.7,348.0,87.0,1
1731488817000,1,8,31.8,143.0,56.0,1
1731488817000,1,9,32.4,317.0,54.0,1
1731488817000,1,27,28.9,80.0,50.0,1
1731488818000,1,7,42.7,309.0,25.0,1
1731488818000,1,16,26.5,33.0,30.0,1
1731488818000,1,3,27.4,203.0,21.0,1
1731488818000,1,4,32.1,348.0,87.0,1
1731488818000,1,8,29.7,143.0,56.0,1
1731488818000,1,9,34.0,317.0,54.0,1
1731488818000,1,27,25.9,80.0,50.0,1
1731488819000,1,7,38.1,309.0,25.0,1
1731488819000,1,16,26.5,33.0,30.0,1
1731488819000,1,3,27.4,203.0,21.0,1
1731488819000,1,4,26.4,348.0,87.0,1
1731488819000,1,8,28.8,143.0,56.0,1
1731488819000,1,9,38.4,317.0,54.0,1
1731488819000,1,27,27.0,80.0,50.0,1
1731488820000,1,4,29.2,348.0,87.0,1
1731488820000,1,7,38.8,309.0,25.0,1
1731488820000,1,16,26.7,33.0,30.0,1
1731488820000,1,3,21.7,203.0,21.0,1
1731488820000,1,8,27.4,143.0,56.0,1
1731488820000,1,9,36.9,317.0,54.0,1
1731488820000,1,27,25.3,80.0,50.0,1
1731488821000,1,3,23.7,203.0,21.0,1
1731488821000,1,7,41.8,309.0,25.0,1
1731488821000,1,16,25.5,33.0,30.0,1
1731488821000,1,4,33.9,348.0,87.0,1
1731488821000,1,8,23.9,143.0,56.0,1
1731488821000,1,9,33.4,317.0,54.0,1
1731488821000,1,27,28.0,80.0,50.0,1
1731488822000,1,4,26.8,348.0,87.0,1
1731488822000,1,7,40.8,309.0,25.0,1
1731488822000,1,16,23.3,33.0,30.0,1
1731488822000,1,3,26.0,203.0,21.0,1
1731488822000,1,8,27.9,143.0,56.0,1
1731488822000,1,9,35.2,317.0,54.0,1
1731488822000,1,27,25.4,80.0,50.0,1
1731488823000,1,7,35.7,309.0,25.0,1
1731488823000,1,16,23.3,33.0,30.0,1
1731488823000,1,3,20.3,203.0,21.0,1
1731488823000,1,4,30.2,348.0,87.0,1
1731488823000,1,8,35.9,143.0,56.0,1
1731488823000,1,9,39.6,317.0,54.0,1
1731488823000,1,27,25.2,80.0,50.0,1
1731488824000,1,7,38.7,309.0,25.0,1
1731488824000,1,16,24.8,33.0,30.0,1
1731488824000,1,31,19.6,85.0,10.0,1
1731488824000,1,3,28.3,203.0,21.0,1
1731488824000,1,4,33.5,348.0,87.0,1
1731488824000,1,8,34.1,143.0,56.0,1
1731488824000,1,9,38.4,317.0,54.0,1
1731488824000,1,27,27.0,80.0,50.0,1
1731488825000,1,7,40.0,309.0,25.0,1
1731488825000,1,16,25.2,33.0,30.0,1
1731488825000,1,31,19.6,85.0,10.0,1
1731488825000,1,3,26.3,203.0,21.0,1
1731488825000,1,4,31.2,348.0,87.0,1
1731488825000,1,8,33.1,143.0,56.0,1
1731488825000,1,9,37.2,317.0,54.0,1
1731488825000,1,27,28.5,80.0,50.0,1
1731488826000,1,7,39.5,309.0,25.0,1
1731488826000,1,16,25.2,33.0,30.0,1
1731488826000,1,31,19.6,85.0,10.0,1
1731488826000,1,3,20.9,203.0,21.0,1
1731488826000,1,4,21.5,348.0,87.0,1
1731488826000,1,8,31.7,143.0,56.0,1
1731488826000,1,9,37.8,317.0,54.0,1
1731488826000,1,27,28.7,80.0,50.0,1
1731488827000,1,7,42.2,309.0,25.0,1
1731488827000,1,16,24.5,33.0,30.0,1
1731488827000,1,31,19.6,85.0,10.0,1
1731488827000,1,3,21.0,203.0,21.0,1
1731488827000,1,4,28.0,348.0,87.0,1
1731488827000,1,8,26.0,143.0,56.0,1
1731488827000,1,9,39.5,317.0,54.0,1
1731488827000,1,27,27.5,80.0,50.0,1
1731488828000,1,7,40.9,309.0,25.0,1
1731488828000,1,16,25.3,33.0,30.0,1
1731488828000,1,31,18.1,85.0,10.0,1
1731488828000,1,3,21.4,203.0,21.0,1
1731488828000,1,4,27.1,348.0,87.0,1
1731488828000,1,8,30.9,143.0,56.0,1
1731488828000,1,9,39.4,317.0,54.0,1
1731488828000,1,27,28.3,80.0,50.0,1
1731488829000,1,7,43.2,309.0,25.0,1
1731488829000,1,31,18.1,85.0,10.0,1
1731488829000,1,16,0.0,33.0,30.0,1
1731488829000,1,3,22.5,203.0,21.0,1
1731488829000,1,4,35.8,348.0,87.0,1
1731488829000,1,8,29.9,143.0,56.0,1
1731488829000,1,9,36.9,317.0,54.0,1
1731488829000,1,27,28.3,80.0,50.0,1
